0.59 0.35 0.50 0.50 0.42 0.91 0.10 0.01 0.56 0.43 0.96 0.86 0.12 0.45 0.86 0.73 0.44 0.81 0.02 0.13 0.56 0.59 0.45 0.56 0.42 0.68 0.18 0.14 0.83 0.04 0.16 0.39 0.39 0.50 0.13 0.22 0.07 0.20 0.95 0.72 0.96 0.74 0.97 0.42 0.81 0.57 0.66 0.85 0.78 0.17 0.98 0.51 0.31 0.96 0.95 0.12 0.49 0.19 0.12 0.09 0.96 0.67 0.52 0.94 0.45 0.45 0.78 0.82 0.57 0.86 0.46 0.47 0.88 0.14 0.18 0.14 0.71 0.23 0.51 0.37 0.58 0.73 0.02 0.65 0.74 0.14 0.98 0.63 0.72 0.53 0.94 0.27 0.09 0.11 0.40 0.56 0.57 0.04 0.67 0.11 
0.25 0.19 0.75 0.15 0.85 0.27 0.16 0.18 0.34 0.01 0.48 0.96 0.94 0.95 0.24 0.03 0.28 0.80 0.87 0.15 0.78 0.28 0.88 0.48 0.76 0.69 0.97 0.28 0.27 0.87 0.49 0.66 0.01 0.96 0.01 1.00 0.54 0.86 0.68 0.92 0.72 0.81 0.16 0.83 0.87 0.06 0.18 0.22 0.90 0.96 0.12 0.63 0.54 0.30 0.63 0.52 0.60 0.32 0.71 0.98 0.78 0.07 0.70 0.09 0.81 0.31 0.12 0.86 0.16 0.52 0.35 0.36 0.27 0.19 0.28 0.45 0.88 0.33 0.62 0.22 0.22 0.48 0.59 0.54 0.52 0.96 0.78 0.90 0.27 0.90 0.92 0.05 0.72 0.51 0.63 0.87 0.76 0.54 0.34 0.30 
0.68 0.16 0.51 0.60 0.45 0.60 0.22 0.70 0.21 0.58 0.03 0.79 0.57 0.60 0.74 0.62 0.79 0.35 0.86 0.05 0.71 0.71 0.88 0.72 0.78 0.57 0.45 0.85 0.21 0.19 0.09 0.34 0.53 0.22 0.09 0.14 0.04 0.07 0.56 0.96 0.81 0.50 0.92 0.33 0.57 0.78 0.97 0.60 0.89 0.66 0.25 0.40 0.22 0.96 0.60 0.35 0.76 0.69 0.82 0.26 0.52 0.90 0.26 0.90 0.44 0.03 0.78 0.61 0.74 0.16 0.18 0.56 0.97 0.29 0.10 0.86 0.85 0.22 0.73 0.61 0.06 0.11 0.10 0.90 1.00 0.88 0.15 0.02 0.15 0.00 0.59 0.82 0.93 0.98 0.18 0.59 0.57 0.58 0.68 0.74 
0.50 0.08 0.25 0.80 0.14 0.36 0.56 0.20 0.96 0.82 0.93 0.42 0.07 0.73 0.63 0.42 0.76 0.29 0.77 0.30 0.56 0.00 0.71 0.88 0.88 0.28 0.24 0.42 0.01 0.02 0.65 0.17 0.35 0.19 0.72 0.35 0.16 0.73 0.20 0.62 0.42 0.24 0.00 0.91 0.26 0.67 0.13 0.01 0.21 0.22 0.57 0.08 0.68 0.55 0.47 0.33 0.28 0.28 0.62 0.69 0.54 0.28 0.98 0.94 0.34 0.57 0.32 0.40 0.15 0.81 0.32 0.88 0.08 0.91 0.95 0.27 0.79 0.30 0.88 0.24 0.73 0.46 0.56 0.90 0.33 0.76 0.41 0.23 0.79 0.60 0.43 0.11 0.51 0.96 0.20 0.86 0.92 0.11 0.73 0.55 
0.42 0.16 0.65 0.22 0.51 0.97 0.35 0.78 0.56 0.21 0.79 0.37 0.66 0.77 0.53 0.55 0.42 0.20 0.53 0.52 0.00 0.21 0.11 0.93 0.24 0.92 0.90 0.87 0.09 0.99 0.93 0.73 0.57 0.66 0.58 0.69 1.00 0.85 0.20 0.84 0.83 0.24 0.87 0.12 0.76 0.63 0.34 0.92 0.74 0.70 0.26 0.64 0.99 0.14 0.48 0.14 0.52 0.07 0.80 0.25 0.22 0.89 0.34 0.20 0.99 0.26 0.37 0.78 0.68 0.33 0.93 0.25 0.59 0.14 0.73 0.62 0.53 0.42 0.79 0.56 0.90 0.02 0.20 0.19 0.04 0.98 0.26 0.53 0.36 0.34 0.33 0.29 0.68 0.20 0.96 0.98 0.81 0.56 0.96 0.54 
0.71 0.08 0.17 0.62 0.32 0.77 0.17 0.42 0.63 0.87 0.01 0.35 0.09 0.14 0.89 0.82 0.39 0.36 0.32 0.51 0.90 0.01 0.34 0.26 0.94 0.85 0.66 0.95 0.94 0.75 0.94 0.57 0.43 0.96 0.32 0.60 0.39 0.44 0.59 0.64 0.88 0.72 0.68 0.04 0.62 0.77 0.97 0.08 0.28 0.96 0.51 0.32 0.62 0.51 0.26 0.48 0.52 0.18 0.48 0.20 0.24 0.48 0.85 0.23 0.76 0.25 0.48 0.76 0.48 0.20 0.21 0.28 0.49 0.05 0.23 0.98 0.38 0.74 0.17 0.28 0.55 0.90 0.15 0.11 0.94 0.82 0.74 0.12 0.72 0.15 0.39 0.57 0.76 0.64 0.14 0.65 0.65 0.95 0.82 0.29 
0.01 0.02 0.27 0.39 0.43 0.83 0.73 0.26 0.51 0.37 0.68 0.38 0.64 0.68 0.43 0.15 0.55 0.62 0.77 0.03 0.37 0.05 0.82 0.79 0.26 0.78 0.67 0.16 0.21 0.04 0.39 0.61 0.62 0.61 0.69 0.07 0.99 0.57 0.16 0.28 0.91 0.70 0.94 0.98 0.11 0.28 0.33 0.57 0.69 0.10 0.31 0.59 0.63 0.74 0.36 0.29 0.23 0.42 0.09 0.46 0.18 0.39 0.01 0.76 0.46 0.96 0.69 0.22 0.91 0.31 0.87 0.35 0.32 0.52 0.19 0.50 0.96 0.62 0.06 0.49 0.18 0.83 0.95 0.86 0.11 0.52 0.80 0.09 0.03 0.76 0.14 0.43 0.88 0.16 0.57 0.93 0.70 0.36 0.40 0.11 
0.98 0.19 0.67 0.53 0.43 0.54 0.86 0.36 0.98 0.47 0.36 0.18 0.82 0.78 0.90 0.12 0.85 0.34 0.71 0.59 0.14 0.70 0.29 0.82 0.41 0.55 0.73 0.33 0.04 0.51 0.59 0.17 0.24 0.06 0.02 0.72 0.85 0.64 0.86 0.95 0.55 0.86 0.53 0.27 0.26 0.10 0.08 0.10 0.41 0.05 0.48 0.41 0.60 0.35 0.38 0.65 0.17 0.74 0.27 0.86 0.23 0.44 0.12 0.83 0.60 0.48 0.67 0.52 0.85 0.82 0.52 0.42 0.53 0.63 0.26 0.11 0.93 0.81 0.35 0.76 0.47 0.64 0.87 0.23 0.52 0.29 0.63 0.87 0.73 0.21 0.70 0.04 0.95 0.82 0.96 0.82 0.48 0.70 0.42 0.32 
0.19 0.66 0.29 0.50 0.99 0.64 0.92 0.99 0.33 0.82 0.62 0.90 0.31 0.78 0.77 0.58 0.77 0.11 0.24 0.01 0.40 0.37 0.12 0.24 0.37 0.76 0.13 0.70 0.31 0.50 0.98 0.53 0.94 0.81 0.98 0.98 0.03 0.96 0.86 0.44 0.34 0.40 0.20 0.63 0.33 0.70 0.64 0.45 0.59 0.61 0.58 0.82 0.09 0.46 0.76 0.86 0.35 0.32 0.66 0.34 0.15 0.45 0.98 0.22 0.44 0.16 0.78 1.00 0.21 0.62 0.99 0.51 0.57 0.95 0.64 1.00 0.15 0.77 0.38 0.23 0.75 0.41 0.09 0.09 0.67 0.88 0.58 0.33 0.55 0.36 0.06 0.77 0.78 0.26 0.31 0.46 0.23 0.66 0.94 0.38 
0.56 0.04 0.94 0.89 0.48 0.16 0.29 0.29 0.84 0.94 0.74 0.55 0.34 0.77 0.81 0.19 0.19 0.14 0.96 0.64 0.57 0.47 0.80 0.78 0.79 0.94 0.88 0.19 0.37 0.48 1.00 0.14 1.00 0.88 0.19 0.03 0.19 0.41 0.74 0.25 0.92 0.02 0.06 0.62 0.16 0.04 0.50 0.63 0.97 0.08 0.20 0.78 0.55 0.69 0.96 0.29 0.71 0.85 0.21 0.29 0.07 0.25 0.33 0.53 0.29 0.05 0.33 0.82 0.19 0.16 0.14 0.60 0.51 0.55 0.01 0.10 0.08 0.83 0.04 0.89 0.21 0.11 0.31 0.55 0.40 0.97 0.07 0.69 0.92 0.90 0.99 0.84 0.15 0.41 0.56 0.55 0.40 0.97 0.82 0.33 
0.58 0.53 0.05 0.03 0.76 0.18 0.76 0.68 0.22 0.45 0.48 0.97 0.25 0.61 0.78 0.98 0.56 0.70 0.98 0.11 0.24 0.61 0.88 0.84 0.68 0.40 0.88 0.90 0.96 0.12 0.54 0.46 0.84 0.07 0.85 0.78 0.55 0.80 0.66 0.11 0.59 0.77 0.32 0.78 0.13 0.13 0.34 0.61 0.20 0.85 0.90 0.45 0.82 0.23 0.27 0.71 0.16 0.32 0.91 0.04 0.68 0.81 0.33 0.30 0.43 0.17 0.57 0.73 0.73 0.94 0.44 0.54 0.51 0.93 0.39 0.37 0.45 0.43 0.65 0.28 0.57 0.33 0.32 0.06 0.31 0.73 0.21 0.11 0.80 0.70 0.76 0.20 0.09 0.37 0.30 0.16 0.19 0.37 0.35 0.51 
0.56 0.04 0.15 0.72 0.27 0.54 0.51 0.04 0.42 0.65 0.09 0.96 0.21 0.64 0.47 0.50 0.28 0.70 0.62 0.66 0.23 0.63 0.79 0.21 0.28 0.85 0.62 0.78 0.34 0.14 0.26 0.70 0.41 0.38 0.49 0.33 0.89 0.75 0.54 0.31 0.50 0.92 0.02 0.30 0.31 0.97 0.79 0.18 0.65 0.25 0.71 0.88 0.14 0.99 0.12 0.00 0.62 0.59 0.01 0.15 0.80 0.71 0.87 0.56 0.89 0.78 0.92 0.41 0.91 0.37 0.51 0.87 0.45 0.25 0.79 0.09 0.74 0.60 0.08 0.96 0.49 0.56 0.25 0.60 0.60 0.64 0.59 0.95 0.20 0.21 0.10 0.10 0.61 0.78 0.05 0.53 0.59 0.37 0.39 0.21 
0.47 0.38 0.06 0.60 0.64 0.60 0.79 0.15 0.95 0.33 0.21 0.74 0.95 0.30 0.40 0.99 0.97 0.43 0.60 0.51 0.85 0.40 0.57 0.46 0.21 0.85 0.48 0.71 0.32 0.04 0.16 0.59 0.67 0.17 0.66 0.61 0.14 0.10 0.76 0.61 0.50 0.19 0.33 0.20 0.65 0.73 0.50 0.93 0.49 0.76 0.30 0.52 0.51 0.67 0.64 0.24 0.23 0.16 0.63 0.69 0.85 0.93 0.07 0.07 0.33 0.28 0.42 0.02 0.54 0.22 0.31 0.13 0.88 0.05 0.05 0.34 0.62 0.92 0.90 0.72 0.88 0.72 0.09 0.19 0.03 0.36 0.87 0.95 0.26 0.39 0.82 0.52 0.64 0.33 0.83 0.38 0.98 0.64 0.28 0.68 
0.78 0.82 0.13 0.82 0.97 0.74 0.10 0.38 0.91 0.35 0.75 0.59 0.31 0.97 0.69 0.20 0.07 0.95 0.28 0.16 0.11 0.32 0.78 0.72 0.33 0.68 0.09 0.13 0.26 0.56 0.93 0.45 0.26 0.53 0.80 0.73 0.43 0.36 0.58 0.48 0.65 0.62 0.91 0.50 0.16 0.44 0.38 0.31 0.71 0.01 0.16 0.87 0.98 0.94 0.59 0.28 0.77 0.12 0.91 0.24 0.43 0.29 0.98 0.28 0.03 0.99 0.07 0.18 0.31 0.29 0.86 0.50 0.37 0.34 0.88 0.92 0.36 0.36 0.68 0.57 0.02 0.26 0.97 0.29 0.64 0.28 0.48 0.17 0.81 0.24 0.62 0.23 0.15 0.67 0.20 0.19 0.46 0.90 0.59 0.27 
0.81 0.57 0.04 0.03 0.62 0.74 0.42 0.03 0.16 0.75 0.40 0.78 0.89 0.14 0.89 0.13 0.89 0.76 0.15 0.78 0.77 0.63 0.70 0.59 0.03 0.20 0.16 0.05 0.45 0.39 0.82 0.74 0.35 0.81 0.12 0.70 0.26 0.97 0.90 0.44 1.00 0.31 0.46 0.69 0.55 0.22 0.80 0.87 0.93 1.00 0.03 0.19 0.55 0.66 0.73 0.79 0.49 0.49 0.28 0.62 0.09 0.56 0.77 0.60 0.50 0.23 0.78 0.56 0.40 0.48 0.66 0.28 0.32 0.33 0.88 0.01 0.18 0.42 0.92 0.20 0.32 0.65 0.26 0.64 0.02 0.19 0.40 0.81 0.65 0.21 0.66 0.17 0.04 0.05 0.93 0.83 0.74 0.40 0.92 0.78 
0.65 0.56 0.91 0.51 0.04 0.59 0.93 0.92 0.11 0.30 0.46 0.76 0.52 0.20 0.73 0.47 0.43 0.49 0.96 0.53 0.07 0.67 0.76 0.31 0.32 0.40 0.37 0.46 0.13 0.43 0.21 0.60 0.63 0.87 0.48 0.78 0.31 0.96 0.64 0.22 0.30 0.74 0.83 0.05 0.01 0.30 0.26 0.55 0.02 0.62 0.05 0.34 0.96 0.14 0.65 0.83 0.70 0.95 0.03 0.94 0.68 0.79 0.27 0.67 0.05 0.39 0.93 0.12 0.48 0.88 0.66 0.75 0.22 0.72 0.32 0.43 0.39 0.96 0.07 0.34 0.81 0.94 0.99 0.16 0.04 0.23 0.48 0.50 0.51 0.83 0.33 0.86 0.04 0.66 0.83 0.45 0.77 0.02 0.58 0.12 
0.16 0.21 0.40 0.35 0.46 0.53 0.29 0.95 0.18 0.36 0.09 0.54 0.88 0.04 0.68 0.67 0.32 0.52 0.50 0.86 0.21 0.59 0.28 0.35 0.01 0.52 0.40 0.79 0.97 0.44 0.33 0.96 0.51 0.08 0.21 0.68 0.04 0.89 0.73 0.50 0.37 0.31 0.23 0.62 0.07 0.51 0.51 0.31 0.22 0.06 0.45 0.28 0.81 0.54 0.78 0.32 0.00 0.90 0.78 0.66 0.29 0.32 0.82 0.19 0.52 0.46 0.81 0.97 0.07 0.10 0.55 0.42 0.58 0.51 0.45 0.16 0.41 0.77 1.00 0.96 0.38 0.79 0.93 0.86 0.22 0.52 0.02 0.78 0.08 0.14 0.02 0.17 0.87 0.44 0.53 0.92 0.06 0.20 0.78 0.89 
0.37 0.76 0.27 0.35 0.63 0.87 0.55 0.55 0.60 0.97 0.47 0.75 0.04 0.69 0.61 0.14 0.05 0.34 0.37 0.06 0.36 0.45 0.41 0.10 0.91 0.98 0.98 0.32 0.98 0.07 0.28 0.93 0.93 0.13 0.19 0.78 0.76 0.24 0.54 0.99 0.06 0.78 0.03 0.74 0.14 0.93 0.23 0.06 0.89 0.30 1.00 0.31 0.90 0.80 0.06 0.68 0.41 0.23 0.18 0.60 0.89 0.85 0.77 0.45 0.98 0.80 0.72 0.65 0.51 0.59 0.88 0.68 0.45 0.07 0.02 0.19 0.15 0.66 0.90 0.51 0.84 0.18 0.82 0.52 0.69 0.49 0.44 0.98 0.85 0.98 0.23 0.04 0.82 0.44 0.97 0.56 0.97 0.72 0.84 0.70 
0.63 0.99 0.70 0.46 0.71 0.93 0.33 0.69 0.73 0.61 0.86 0.45 0.96 0.57 0.90 0.60 0.67 0.25 0.26 0.03 0.74 0.51 0.67 0.26 0.33 0.84 0.54 0.55 0.53 0.64 0.61 0.81 0.50 0.29 0.41 0.15 0.72 0.19 0.58 0.37 0.87 0.11 0.28 0.27 0.28 0.50 0.01 0.02 0.68 0.44 0.23 0.29 0.20 0.74 0.47 0.99 0.12 0.52 0.46 0.41 0.39 0.72 0.24 0.66 0.80 0.24 0.29 0.59 0.87 0.57 0.29 0.39 0.56 0.35 0.73 0.37 0.49 0.75 0.12 0.10 0.74 0.55 0.16 0.66 0.17 0.79 0.28 0.62 0.87 0.46 0.16 0.78 0.96 0.29 0.28 0.41 0.89 0.42 0.12 0.64 
0.99 0.29 0.06 0.47 0.11 0.82 0.24 0.15 0.08 0.49 0.96 0.18 0.21 0.60 0.10 0.22 0.42 0.12 0.03 0.77 0.47 0.27 1.00 0.73 0.15 0.07 0.83 0.45 0.48 0.60 0.99 0.75 0.84 0.44 0.79 0.73 0.60 0.42 0.57 0.41 0.95 0.17 0.84 0.43 0.56 0.53 0.76 0.76 0.97 0.52 0.56 0.44 0.42 0.69 0.47 0.20 0.96 0.59 0.08 0.42 0.83 0.05 0.51 0.88 0.50 0.50 0.38 0.87 0.10 0.11 0.82 0.26 0.36 0.49 0.23 0.03 0.76 0.85 0.55 0.85 0.96 0.40 0.70 0.05 0.09 0.36 0.65 0.64 0.10 0.19 0.64 0.68 0.65 0.67 0.17 0.46 0.98 0.12 0.94 0.21 
0.92 0.52 0.37 0.45 0.26 0.59 0.05 0.02 0.47 0.21 0.02 0.21 0.60 0.12 0.62 0.34 0.97 0.93 0.20 0.71 0.10 0.59 0.93 0.17 0.81 0.60 0.55 0.40 0.69 0.58 0.41 0.01 0.98 0.49 0.65 0.70 0.28 0.89 0.22 0.44 0.70 0.63 0.77 0.16 0.74 0.97 0.99 0.25 0.24 0.39 0.01 0.77 0.98 0.92 0.18 0.36 0.99 0.65 0.63 0.08 0.77 0.64 0.99 0.53 0.78 0.41 0.30 0.33 0.11 0.29 0.11 0.83 1.00 0.88 0.81 0.65 0.76 0.52 0.49 0.47 0.24 0.45 0.65 0.27 0.01 0.23 0.22 0.85 0.44 0.16 0.35 0.69 0.38 0.21 0.85 0.97 0.76 0.76 0.11 0.48 
0.04 0.27 0.82 0.98 0.93 0.71 0.73 0.23 0.53 0.41 0.35 0.83 0.65 0.24 0.84 0.34 0.69 0.27 0.37 0.94 0.61 0.46 0.41 0.28 0.87 0.58 0.20 0.15 0.50 0.10 0.34 0.24 0.02 0.55 0.01 0.82 0.10 0.53 0.65 0.19 0.28 0.76 0.15 0.79 0.31 0.54 0.26 0.38 0.82 0.10 0.47 0.57 0.71 0.03 0.27 0.91 0.56 0.76 0.28 0.96 0.97 0.97 0.29 0.24 0.48 0.38 0.03 0.29 0.01 0.76 0.97 0.49 0.46 0.05 0.58 0.43 0.93 0.85 0.20 0.79 0.34 0.41 0.12 0.35 0.85 0.83 0.16 0.56 0.84 0.73 0.46 0.26 0.09 0.02 0.06 0.48 0.85 0.10 0.46 0.94 
0.60 0.09 0.30 0.13 0.44 0.67 0.11 0.73 0.92 0.57 0.79 0.42 0.96 0.02 0.39 0.65 0.39 0.36 0.87 0.51 0.92 0.58 0.27 0.62 0.57 0.28 0.31 0.24 0.23 0.69 0.75 0.07 0.46 0.67 0.35 0.87 0.22 0.29 0.72 0.62 0.20 0.95 0.83 0.23 0.88 0.56 0.16 0.48 0.39 0.32 0.34 0.13 0.90 0.20 0.92 0.38 0.33 0.33 0.93 0.46 0.25 0.74 0.43 0.33 0.80 0.01 0.40 0.72 0.24 0.57 0.05 0.75 0.52 0.37 0.78 0.73 0.91 0.60 0.27 0.36 0.70 0.85 0.90 0.74 0.71 0.97 0.06 0.57 0.23 0.75 0.07 0.99 0.74 0.19 0.81 0.01 0.43 0.55 0.48 0.86 
0.21 0.03 0.02 0.62 0.37 0.15 0.74 0.81 0.96 0.14 0.70 0.64 0.47 0.12 0.88 0.87 0.01 0.47 0.33 0.25 0.17 0.54 0.35 0.17 0.29 0.70 0.68 0.17 0.93 0.16 0.66 0.32 0.16 0.66 0.33 0.14 0.37 0.90 0.58 0.99 0.84 0.06 0.32 0.97 0.13 0.50 0.28 0.94 0.48 0.92 0.64 0.58 0.06 0.28 0.42 0.86 0.41 0.00 0.04 0.10 0.30 0.02 0.32 0.20 1.00 0.47 0.99 0.60 0.19 0.33 0.14 1.00 0.97 0.74 0.61 0.43 0.20 0.32 0.44 0.04 0.42 0.82 0.40 0.36 0.17 0.27 0.82 0.38 0.67 0.21 0.33 0.87 0.67 0.20 0.00 0.16 0.97 0.07 0.13 0.51 
0.25 0.49 0.97 0.12 0.90 0.97 0.45 0.20 0.70 0.35 0.26 0.04 0.26 0.15 0.17 1.00 0.64 0.24 0.08 0.73 0.96 0.81 0.03 0.95 0.23 0.76 0.57 0.52 0.66 0.64 0.84 0.69 0.53 0.01 0.46 0.62 0.92 0.37 0.23 0.93 0.78 0.28 0.53 0.84 0.93 0.91 0.34 0.04 0.54 0.68 0.28 0.06 0.12 0.04 0.83 0.35 0.37 0.08 0.50 0.84 0.14 0.66 0.85 0.34 0.22 0.74 0.77 0.31 0.28 0.20 0.45 0.20 0.42 0.78 0.93 0.43 0.55 0.08 0.06 0.79 0.04 0.65 0.43 0.23 0.53 0.39 0.81 0.01 0.97 0.56 0.49 0.55 0.43 0.46 0.25 0.20 0.94 0.68 0.38 0.79 
0.55 0.47 0.15 0.53 0.83 0.36 0.63 0.58 0.72 0.39 0.58 0.40 0.58 0.10 0.88 0.43 0.19 0.80 0.54 0.40 0.33 0.00 0.52 0.18 0.79 0.49 0.78 0.48 0.16 0.76 0.83 0.44 0.08 0.27 0.18 0.83 0.75 0.68 0.94 0.99 0.26 0.47 0.53 0.57 0.07 0.34 0.24 0.26 0.34 0.52 0.61 0.36 0.77 0.09 0.50 0.96 0.85 0.95 0.21 0.98 0.81 0.07 0.94 0.10 0.76 0.27 0.55 0.62 0.06 0.46 0.79 0.22 0.63 0.42 0.19 0.78 0.63 0.82 0.13 0.69 0.38 0.37 0.54 0.42 0.72 0.03 0.86 0.73 0.44 0.33 0.13 0.40 0.93 0.93 0.54 1.00 0.39 0.13 0.75 0.19 
0.70 0.84 0.57 0.98 0.97 0.08 0.35 0.37 0.70 0.46 0.21 0.35 0.91 0.56 0.06 0.34 0.89 0.32 0.66 0.17 0.48 0.61 0.53 0.23 0.49 0.21 0.20 0.43 0.61 0.47 0.92 0.23 0.96 0.16 0.65 0.36 0.61 0.11 0.93 0.65 0.75 0.24 0.46 0.67 0.46 0.16 0.36 0.19 0.87 0.13 0.69 0.96 0.33 0.02 0.50 0.40 0.10 0.76 0.44 0.72 0.87 0.76 0.57 0.98 0.09 0.09 0.22 0.18 0.25 0.72 0.73 0.77 0.58 0.15 0.97 0.50 0.71 0.10 0.38 0.87 0.55 0.51 0.13 0.59 0.11 0.29 0.86 0.24 0.35 0.63 0.83 0.77 0.55 0.06 0.70 0.55 0.47 0.07 0.23 0.97 
0.39 0.56 0.96 0.42 0.33 0.48 0.89 0.88 0.19 0.14 0.97 0.11 0.89 0.35 0.49 0.58 0.42 0.04 0.98 0.69 0.64 0.37 0.61 0.36 0.92 0.56 0.93 0.08 0.44 0.49 0.73 0.73 0.69 0.56 0.76 0.16 0.25 0.74 0.89 0.47 0.05 0.36 0.11 0.85 0.71 0.66 0.37 0.52 0.24 0.08 0.26 0.73 0.19 0.22 0.64 0.96 0.94 0.26 0.92 0.62 0.40 0.64 0.71 0.19 0.33 0.58 0.27 0.25 0.49 0.04 0.48 0.21 0.59 0.07 0.01 0.57 0.92 0.27 0.54 0.87 0.09 0.57 0.20 0.99 0.31 0.90 0.87 0.07 0.96 0.55 0.13 0.14 0.28 0.09 0.54 0.58 0.38 0.16 0.55 0.48 
0.23 0.69 0.22 0.54 0.56 0.02 0.42 0.16 0.26 0.74 0.37 0.04 0.19 0.36 0.54 0.83 0.31 0.87 0.43 0.60 0.55 0.71 0.96 0.28 0.28 0.85 0.65 0.55 0.70 0.62 0.84 0.91 0.19 0.66 0.10 0.24 0.94 0.48 0.50 0.14 0.18 0.02 0.06 0.62 0.95 0.63 0.01 0.75 0.85 0.93 0.18 0.37 0.62 0.51 0.71 0.33 0.43 0.25 0.39 0.01 0.34 0.06 0.02 0.59 0.45 0.31 0.77 0.11 0.39 0.75 0.22 0.79 0.49 0.89 0.30 0.55 0.25 0.70 0.75 0.68 0.42 0.97 0.55 0.52 0.50 0.44 0.43 0.54 0.92 0.19 0.54 0.25 0.13 0.96 0.32 0.82 0.63 0.11 0.16 0.40 
0.67 0.19 0.69 0.37 0.67 0.12 0.40 0.49 0.31 0.36 0.76 0.26 0.44 0.86 0.92 0.38 0.36 0.32 0.76 0.30 0.21 0.29 0.91 0.66 0.75 0.04 0.27 0.10 0.40 0.47 0.59 0.44 0.70 0.15 0.49 0.91 0.74 0.69 0.39 0.37 0.80 0.95 0.04 0.83 0.22 0.58 0.83 0.39 0.56 0.78 0.01 0.48 0.06 0.38 0.03 0.10 0.37 0.48 0.19 0.31 0.44 0.48 0.51 0.70 0.18 0.94 0.25 0.44 0.41 0.74 0.84 0.47 0.65 0.06 0.39 0.47 0.92 0.50 0.43 0.98 0.86 0.77 0.05 0.13 0.52 0.19 0.92 0.61 0.10 0.81 0.64 0.18 0.47 0.70 0.08 0.37 0.16 0.63 0.51 0.43 
0.54 0.06 0.58 0.67 0.41 0.88 0.48 0.26 0.51 0.51 0.56 0.21 0.88 0.80 0.21 0.33 0.85 0.75 0.25 0.79 0.83 0.96 0.34 0.65 0.24 0.24 0.09 0.14 0.93 0.45 0.07 0.09 0.25 0.18 0.93 0.93 0.85 0.54 0.65 0.52 0.76 0.67 0.26 0.47 0.97 0.22 0.27 0.56 0.45 0.15 0.71 0.90 0.71 0.21 0.45 0.41 0.81 0.67 0.47 0.82 0.57 0.92 0.17 0.33 0.92 0.92 0.52 0.79 0.14 0.04 0.28 0.53 0.22 0.49 0.11 0.50 0.90 0.08 0.04 0.70 0.38 0.79 0.62 0.48 0.92 0.89 0.96 0.67 0.31 0.43 0.36 0.02 0.32 0.08 0.52 0.41 0.91 0.99 0.24 0.74 
0.74 0.26 0.58 0.13 0.57 0.52 0.14 0.42 0.50 0.62 0.04 0.76 0.97 0.53 0.68 0.06 0.01 0.42 0.54 0.42 0.50 0.72 0.62 0.74 0.49 0.82 0.87 0.92 0.58 0.79 0.52 0.39 0.48 0.79 0.14 0.81 0.18 0.31 0.42 0.86 0.62 0.14 0.92 0.02 0.19 0.97 0.71 0.95 0.62 0.29 0.27 0.19 0.54 0.61 0.76 0.77 0.90 0.67 0.19 0.66 0.45 0.27 0.10 0.28 0.30 0.21 0.16 0.44 0.31 0.46 0.89 0.06 0.79 0.96 0.49 0.48 0.39 0.65 0.89 0.85 0.35 0.35 0.54 0.67 0.51 0.56 0.45 0.20 0.20 0.29 0.37 0.39 0.70 0.85 0.32 0.99 0.32 0.67 0.32 0.89 
0.22 0.27 0.89 0.31 0.03 0.75 0.50 0.11 0.14 0.08 0.73 0.29 0.27 0.30 0.78 0.08 0.70 0.78 0.69 0.26 0.66 0.91 1.00 0.81 0.84 0.48 0.17 0.39 0.83 0.81 0.08 0.82 0.82 0.38 0.36 0.40 0.05 0.40 0.44 0.64 0.23 0.89 0.17 0.69 0.29 0.31 0.87 0.47 0.02 0.57 0.48 0.45 0.23 0.38 0.35 0.11 0.09 0.83 0.36 0.10 0.56 0.73 0.23 0.66 0.00 0.86 0.70 0.25 0.28 0.36 0.38 0.08 0.10 0.56 0.54 0.31 0.31 0.65 0.48 0.69 0.63 0.11 0.94 0.11 0.74 0.26 0.72 0.44 0.35 0.85 0.10 0.31 0.37 0.88 0.96 0.08 0.43 0.89 0.90 0.68 
0.25 0.73 0.74 0.51 0.20 0.92 0.96 0.56 0.10 0.33 0.84 0.09 0.02 0.76 0.89 0.31 0.71 0.22 0.45 0.98 0.88 0.17 0.12 0.37 0.76 0.49 0.61 0.72 0.35 0.59 0.83 0.89 0.04 0.86 0.25 0.91 0.15 0.66 0.96 0.78 0.44 0.43 0.54 0.30 0.14 0.51 0.82 0.13 0.33 0.26 0.90 0.98 0.17 0.17 0.12 0.51 0.72 0.34 0.51 0.30 0.68 0.74 0.75 0.28 0.27 0.78 0.90 0.13 0.75 0.19 0.66 0.29 0.31 0.59 0.04 0.55 0.87 0.68 0.13 1.00 0.32 0.74 0.82 0.00 0.64 0.69 0.96 0.58 0.95 0.86 0.60 0.63 0.85 0.52 0.39 0.81 0.84 0.21 0.49 0.78 
0.95 0.72 0.82 0.94 0.85 0.43 0.39 0.11 0.98 0.63 0.75 0.18 0.53 0.03 0.75 0.36 0.59 0.36 0.72 0.25 0.59 0.32 0.16 0.87 0.61 0.86 0.65 0.31 0.44 0.36 0.08 0.40 0.93 0.81 0.73 0.74 0.89 0.99 0.89 0.93 0.09 0.45 0.81 0.26 0.77 0.95 0.53 0.01 0.95 0.95 0.23 0.12 0.78 0.57 0.74 0.50 0.57 0.63 0.80 0.05 0.22 0.68 0.41 0.83 0.65 0.06 0.33 0.99 0.96 0.67 0.83 0.78 0.78 0.18 0.37 0.04 0.67 0.87 0.76 0.40 0.22 0.38 0.97 0.81 0.00 0.99 0.81 0.12 0.79 0.71 0.24 1.00 0.93 0.92 0.97 0.10 0.57 0.93 0.37 0.57 
0.06 0.83 0.12 0.93 0.89 0.74 0.65 0.34 0.94 0.00 0.32 0.49 0.64 0.41 0.23 0.66 0.93 0.97 0.43 0.93 0.20 0.93 0.96 0.09 0.27 0.60 0.70 0.82 0.52 0.07 0.34 0.85 0.44 0.68 0.47 0.20 0.31 0.29 0.07 0.14 0.60 0.63 0.87 0.05 0.39 1.00 0.31 0.47 0.55 0.13 0.31 0.33 0.24 0.83 0.41 0.78 0.05 0.63 0.33 0.62 0.37 0.39 0.99 0.17 0.66 0.84 0.70 0.47 0.17 0.40 0.85 0.45 0.36 0.76 0.17 0.81 0.23 0.50 0.79 0.41 0.15 0.57 0.72 0.50 0.02 0.05 0.19 0.21 0.56 0.25 0.74 0.16 0.54 0.36 0.12 0.27 0.41 0.94 0.31 0.80 
0.90 0.14 0.73 0.17 0.61 0.93 0.24 0.87 0.18 0.26 0.42 0.76 0.04 0.75 0.55 0.37 0.43 0.53 0.78 0.68 0.67 0.09 0.31 0.45 0.49 0.08 0.52 0.42 0.29 0.41 0.93 0.84 0.86 0.23 0.26 0.49 0.52 0.98 0.11 0.79 0.34 0.91 0.09 0.36 0.86 0.42 0.80 0.16 0.58 0.95 0.23 0.11 0.65 0.48 0.98 0.37 0.61 0.54 0.74 0.28 0.53 0.50 0.81 0.49 0.32 0.26 0.67 0.38 0.23 0.43 0.40 0.15 0.33 0.26 0.95 0.41 0.11 0.78 0.20 0.63 0.42 0.42 0.19 0.31 1.00 0.70 0.72 0.28 0.50 0.93 0.35 0.78 0.49 0.00 0.81 0.92 0.03 0.63 0.38 0.38 
0.02 0.40 0.83 0.47 0.06 0.61 0.65 0.75 0.73 0.86 0.01 0.89 0.20 0.49 0.66 0.07 0.69 0.00 0.95 0.42 0.38 0.70 0.49 0.33 0.66 0.66 0.20 0.17 0.52 0.74 0.55 0.75 0.07 0.15 0.80 0.35 0.88 0.02 0.36 0.29 0.64 0.54 0.37 0.70 0.01 0.29 0.71 0.78 0.33 0.19 0.33 0.07 0.94 0.41 0.46 0.18 0.38 0.97 0.81 0.12 0.33 0.70 0.05 0.02 0.34 0.16 0.85 0.16 0.45 0.34 0.77 0.36 0.28 0.46 0.89 0.10 0.46 0.76 0.80 0.19 0.55 0.22 0.54 0.64 0.77 0.19 0.72 0.57 0.79 0.57 0.21 0.99 0.96 0.22 0.65 0.48 0.73 0.01 0.85 0.55 
0.41 0.92 0.33 0.94 0.46 0.44 0.48 0.78 0.86 0.33 0.81 0.82 0.88 0.90 0.93 0.85 0.82 0.47 0.44 0.67 0.26 0.28 0.50 0.97 0.53 0.28 0.35 0.61 0.08 0.58 0.49 0.29 0.09 0.78 0.17 0.47 0.68 0.30 0.48 0.02 0.59 0.88 0.65 0.21 0.68 0.13 0.92 0.49 0.68 0.69 0.13 0.06 0.43 0.58 0.86 0.07 0.19 0.07 0.44 0.44 0.72 0.79 0.28 0.67 0.12 0.69 0.44 0.38 0.67 0.96 0.88 0.02 0.78 0.90 0.30 0.82 0.34 0.47 0.50 0.45 0.08 0.70 0.73 0.26 0.34 0.05 0.99 0.96 0.73 0.27 0.51 0.51 0.37 0.36 0.93 0.81 0.69 0.56 0.28 0.72 
0.19 0.39 0.74 0.93 0.01 0.79 0.89 0.12 0.86 0.67 0.64 0.40 0.53 0.77 0.01 0.65 0.16 0.84 0.84 0.61 0.54 0.27 0.75 0.34 0.14 0.93 0.88 0.12 0.02 0.85 0.34 0.24 0.76 0.05 0.31 0.70 0.80 0.81 0.02 0.21 0.17 0.28 0.98 0.66 0.75 0.68 0.01 0.16 0.09 0.80 0.64 0.17 0.65 0.05 0.83 0.22 0.41 0.70 0.39 0.87 0.39 0.44 0.63 0.85 0.90 0.61 0.63 0.17 0.12 0.58 0.58 0.60 0.51 0.51 0.53 0.04 0.13 0.31 0.70 0.89 0.03 0.82 0.54 0.08 0.38 0.58 0.01 0.89 0.50 0.66 0.68 0.90 0.69 0.95 0.38 0.44 0.93 0.04 0.24 0.06 
0.21 0.72 0.38 0.77 0.40 0.41 0.25 0.38 0.48 0.59 0.77 0.54 0.20 0.06 0.07 0.27 0.49 0.30 0.13 0.75 0.81 0.41 0.82 0.82 0.99 0.63 0.63 0.35 0.35 0.29 0.94 0.41 0.95 0.25 0.27 0.69 0.02 0.55 0.78 0.52 0.21 0.04 0.96 0.98 0.03 0.08 0.71 0.27 0.53 0.03 0.67 0.13 0.84 0.17 0.05 0.82 0.40 0.67 0.31 0.41 0.07 0.06 0.71 0.41 0.94 0.25 0.60 0.42 0.10 0.07 0.46 0.61 0.43 0.41 0.36 0.49 0.61 0.92 0.91 0.96 0.18 0.87 0.41 0.35 0.35 0.83 0.05 0.21 0.68 0.38 0.98 0.56 0.06 0.34 0.66 0.02 0.12 0.74 0.57 0.63 
0.97 0.93 0.57 0.72 0.98 0.58 0.18 0.05 0.54 0.86 0.71 0.65 0.04 0.94 0.25 0.01 0.14 0.00 0.67 0.36 0.21 0.13 0.99 0.14 0.38 0.03 0.53 0.63 0.39 0.78 0.11 0.59 0.20 0.14 0.58 0.86 0.74 0.67 0.39 0.09 0.92 0.24 0.64 0.48 0.49 0.06 0.23 0.66 0.91 0.78 0.14 0.94 0.83 0.01 0.62 0.30 0.32 0.32 0.33 0.87 0.31 0.37 0.52 0.97 0.30 0.92 0.99 0.92 0.96 0.83 0.03 0.89 0.32 0.99 0.96 0.93 0.31 0.62 0.35 0.57 0.89 0.64 0.28 0.54 0.94 0.92 0.00 0.64 0.27 0.36 0.03 0.18 0.87 0.05 0.08 0.31 0.45 0.47 0.88 0.31 
0.00 0.01 0.86 0.22 0.48 0.72 0.34 0.49 0.99 0.75 0.21 0.94 0.97 0.28 0.88 0.12 0.81 0.33 0.26 0.75 0.21 0.49 0.15 0.37 0.20 0.12 0.27 0.64 0.53 0.97 0.92 0.35 0.03 0.88 0.34 0.51 0.40 0.20 0.57 0.84 0.69 0.18 0.93 0.05 0.02 0.63 0.47 0.10 0.19 0.65 0.28 0.23 0.78 0.88 0.56 0.86 0.96 0.50 0.41 0.39 0.16 0.56 0.04 0.05 0.44 0.14 0.05 0.95 0.69 0.81 0.98 0.79 0.12 0.62 0.76 0.65 0.49 0.37 0.80 0.97 0.83 0.68 0.70 0.71 0.93 0.77 0.39 0.64 0.81 0.94 0.61 0.14 0.06 0.00 0.79 0.48 0.37 0.48 0.09 0.27 
0.23 0.40 0.18 0.06 0.85 0.51 0.94 0.97 0.77 0.92 0.92 0.07 0.61 0.37 0.71 0.44 0.10 0.68 0.51 0.75 0.66 0.38 0.99 0.57 0.22 0.77 0.93 0.01 0.67 0.82 0.31 0.41 0.96 0.53 0.11 0.32 0.62 0.73 0.45 0.59 0.49 0.07 0.79 0.28 0.15 0.91 0.63 0.19 0.39 0.21 0.40 0.53 0.16 0.45 0.06 0.89 0.24 0.65 0.78 0.04 0.79 0.84 0.58 0.61 0.23 0.85 0.47 0.20 0.41 0.62 0.89 0.10 0.03 0.93 0.53 0.34 0.79 0.89 0.27 0.34 0.20 0.96 0.80 0.95 0.20 0.40 0.95 0.71 0.44 0.80 0.68 0.08 0.31 0.08 0.89 0.82 0.97 0.25 0.98 0.03 
0.64 0.30 0.98 0.76 0.07 0.98 0.01 0.57 0.63 0.60 0.78 0.77 0.09 0.35 0.36 0.65 0.10 0.22 0.35 0.91 0.56 0.38 0.20 0.51 0.18 0.90 0.28 0.49 0.29 0.74 0.18 0.60 0.14 0.22 0.96 0.05 0.08 0.62 0.38 0.13 0.39 0.20 0.97 0.58 0.90 0.66 0.40 0.66 0.33 0.01 0.43 0.80 0.21 0.83 0.07 0.45 0.78 0.05 0.58 0.25 0.93 0.01 0.92 0.34 0.40 0.42 0.48 0.16 0.90 0.64 0.60 0.87 0.80 0.93 0.32 0.84 0.76 0.73 0.01 0.45 0.52 0.91 0.41 0.75 0.72 0.39 0.47 0.52 0.80 0.53 0.84 0.33 0.11 0.34 0.33 0.70 0.02 0.98 0.90 0.97 
0.62 0.86 0.62 0.18 0.31 0.73 0.45 0.39 0.75 0.49 0.59 0.62 0.74 0.62 0.72 0.09 0.58 0.72 0.04 0.96 0.42 0.86 0.05 0.43 0.83 0.15 0.36 0.62 0.88 0.46 0.17 0.83 0.20 0.77 0.73 0.28 0.51 0.10 0.86 0.82 0.21 0.26 0.64 0.27 0.73 0.24 0.16 0.45 0.86 0.13 0.69 0.42 0.39 0.35 0.12 0.08 0.23 0.53 0.04 0.95 0.82 0.24 0.18 0.36 0.47 0.99 0.69 0.03 0.21 0.03 0.52 0.12 0.93 0.55 0.30 0.98 0.25 0.94 0.04 0.91 0.30 0.60 0.66 0.35 0.79 0.06 0.51 0.23 0.14 0.19 0.30 0.92 0.82 0.29 0.05 0.95 0.75 0.74 0.40 0.52 
0.90 0.93 0.88 0.12 0.97 0.66 0.64 0.17 0.65 0.48 0.91 0.32 0.40 0.33 0.42 0.47 0.97 0.56 0.66 0.21 0.23 0.97 0.67 0.68 0.18 0.84 0.57 0.19 0.21 0.51 0.55 0.01 0.23 0.44 0.47 0.64 0.74 0.71 0.26 0.43 0.49 0.17 0.90 0.12 0.72 0.71 0.64 0.77 0.45 0.14 0.21 0.83 0.78 0.37 0.96 0.88 0.55 0.00 0.27 0.90 0.39 0.90 0.63 0.94 0.26 0.46 0.07 0.52 0.12 0.38 0.92 0.37 0.12 0.40 0.51 0.54 0.33 0.19 0.58 0.15 0.86 0.10 0.23 0.04 0.36 0.70 0.88 0.15 0.30 0.81 0.35 0.83 0.51 0.98 0.59 0.10 0.47 0.44 0.51 0.02 
0.29 0.27 0.43 0.77 0.36 0.80 0.64 0.85 0.05 0.02 0.52 0.37 0.63 0.26 0.81 0.11 1.00 0.90 0.87 0.22 0.18 0.53 0.49 0.91 0.87 0.07 0.71 0.04 0.04 0.11 0.29 0.23 0.37 0.84 0.32 0.26 0.53 0.30 0.37 0.26 0.28 0.85 0.79 0.46 0.84 0.20 0.36 0.50 0.48 0.76 0.65 0.83 0.32 0.84 0.86 0.49 0.38 0.84 0.07 0.06 0.79 0.47 0.50 0.66 0.80 0.72 0.36 0.84 0.98 0.00 0.19 0.51 0.87 0.44 0.83 0.61 0.38 0.11 0.75 0.78 0.26 0.61 0.56 0.94 0.67 0.60 0.47 0.12 0.99 0.94 0.19 0.05 0.53 0.92 0.96 0.60 0.42 0.86 0.31 0.29 
0.08 0.60 0.44 0.37 0.37 0.72 0.28 0.60 0.73 0.93 0.18 0.57 0.50 0.72 0.19 0.12 0.23 0.52 0.99 0.95 0.85 0.72 0.88 0.83 0.41 0.03 0.74 0.91 0.21 0.99 0.29 0.87 0.18 0.32 0.57 0.49 0.11 0.44 0.70 0.42 0.43 0.59 0.28 0.18 0.20 0.81 0.85 0.69 0.23 0.40 0.94 0.60 0.82 0.17 0.36 0.18 0.60 0.96 0.45 0.97 0.03 0.91 0.21 0.04 0.95 0.09 0.14 0.19 0.69 0.82 0.30 0.92 0.56 0.01 0.52 0.27 0.11 0.01 1.00 0.13 0.85 0.83 0.62 0.98 0.97 0.50 0.13 0.10 0.44 0.76 0.06 0.90 0.47 0.09 0.05 0.96 0.59 0.91 0.82 0.63 
0.05 0.11 0.37 0.11 0.85 0.39 0.67 0.16 0.39 0.62 0.60 0.62 0.98 0.96 0.23 0.88 0.24 0.60 0.22 0.45 0.36 0.37 0.76 0.37 0.16 0.32 0.70 0.23 0.69 0.78 0.94 0.03 0.77 0.82 0.43 0.32 0.34 0.22 0.16 0.30 0.83 0.23 0.38 0.96 0.80 0.92 0.41 0.09 0.28 0.60 0.74 0.37 1.00 0.92 0.90 0.90 0.32 0.66 0.70 0.79 0.73 0.49 0.23 0.06 0.56 0.45 0.46 0.02 0.23 0.19 0.49 0.19 0.84 0.83 0.87 0.47 0.99 0.92 0.27 0.42 0.67 0.61 0.02 0.46 0.94 0.21 0.66 0.11 0.50 0.48 0.72 0.69 0.28 0.41 0.58 0.20 0.39 0.13 0.03 0.77 
0.87 0.23 0.89 0.23 0.48 0.22 0.86 0.82 0.32 0.65 0.48 0.49 0.48 0.43 0.59 0.24 0.54 0.23 0.90 0.25 0.12 0.21 0.21 0.14 0.53 0.70 0.53 0.94 0.03 0.30 0.65 0.79 0.45 0.21 0.01 0.46 0.57 0.87 0.40 0.16 0.14 0.59 0.49 0.82 0.73 0.38 0.62 0.16 0.51 0.94 0.61 0.05 0.29 0.35 0.13 0.91 0.55 0.51 0.73 0.69 0.39 0.02 0.98 0.75 0.23 0.58 0.73 0.57 0.15 0.91 0.08 0.00 0.33 0.47 0.46 0.91 0.35 0.35 0.58 0.51 0.58 0.64 0.36 0.06 0.42 0.00 0.55 0.47 0.42 0.80 0.18 0.04 0.67 0.52 0.63 1.00 0.30 0.30 0.57 0.64 
0.99 0.91 0.97 0.32 0.89 0.08 0.97 0.34 0.04 0.28 0.88 0.43 0.94 0.61 0.27 0.66 0.54 0.80 0.32 0.96 0.30 0.14 0.54 0.12 0.51 0.21 0.33 0.16 0.89 0.99 0.72 0.27 0.33 0.41 0.20 0.39 0.47 0.29 0.19 0.83 0.10 0.73 0.61 0.03 0.85 0.70 0.31 0.80 0.82 0.84 0.83 0.73 0.22 0.97 0.33 0.72 0.93 0.89 0.88 0.21 0.03 0.32 0.87 0.47 0.48 0.25 0.11 0.92 0.79 0.40 0.39 0.68 0.14 0.10 0.14 0.41 0.50 0.41 0.54 0.43 0.73 0.36 0.65 0.21 0.38 0.65 0.73 0.82 0.90 0.27 0.59 0.94 0.88 0.74 0.98 0.12 0.44 0.39 0.58 0.21 
0.32 0.58 0.85 0.72 0.65 0.55 0.58 0.32 0.18 0.83 0.86 0.36 0.97 0.61 0.50 0.85 0.30 0.30 0.12 0.90 0.74 0.52 0.34 0.27 0.01 0.72 0.45 0.35 0.66 0.97 0.65 0.00 0.54 0.05 0.92 0.08 0.50 0.63 0.66 0.47 0.73 0.56 0.60 0.66 0.53 0.14 0.20 0.61 0.55 0.26 0.98 0.60 0.18 0.41 0.22 0.05 0.35 0.33 0.42 0.66 0.00 0.30 0.68 0.02 0.43 0.26 0.37 0.24 0.36 0.04 0.42 0.22 0.21 0.17 0.57 0.33 0.20 0.61 0.99 0.48 0.59 0.67 0.16 0.54 0.56 0.69 0.36 0.97 0.15 0.26 0.97 0.57 0.91 0.61 0.39 0.70 0.27 0.09 0.30 0.11 
0.38 0.87 0.22 0.27 0.44 0.97 0.17 0.99 0.84 0.21 0.90 0.24 0.56 0.51 0.56 0.03 0.31 0.77 0.37 0.17 0.33 0.27 0.46 0.14 0.24 0.41 0.99 0.88 0.82 0.05 0.45 0.81 0.60 0.41 0.17 0.74 0.89 0.94 0.35 0.48 0.65 0.92 0.25 0.08 0.34 0.06 0.71 0.54 0.74 0.83 0.61 0.64 0.87 0.88 0.30 0.13 0.80 0.94 0.31 0.40 0.62 0.52 0.58 0.96 0.52 0.15 0.46 0.96 0.70 0.44 0.24 0.60 0.17 0.72 0.01 0.32 0.41 0.59 0.16 0.85 0.28 0.57 0.08 0.71 0.76 0.71 0.07 0.71 0.28 0.13 0.93 0.23 0.56 0.94 0.24 0.52 0.09 0.23 0.72 0.10 
0.12 0.91 0.56 0.03 0.57 0.90 0.68 0.71 0.40 0.19 0.77 0.79 0.87 0.90 0.37 0.46 0.53 0.83 0.97 0.74 0.65 0.57 0.24 0.82 0.96 0.49 0.99 0.36 0.42 0.89 0.43 0.75 0.79 0.97 0.31 0.46 0.27 0.56 0.12 0.95 0.23 0.73 0.99 0.64 0.14 0.65 0.92 0.02 0.32 0.07 0.09 0.86 0.93 0.20 0.04 0.50 0.77 0.38 0.29 0.18 0.52 0.88 0.95 0.41 0.17 0.69 0.32 0.95 0.37 0.47 0.04 0.07 0.80 0.21 0.82 0.10 0.52 0.56 0.91 0.68 0.04 0.56 0.53 0.88 0.29 0.06 0.61 0.73 0.96 0.90 0.42 0.83 0.63 0.15 0.12 0.26 0.30 0.98 0.38 0.05 
0.09 0.94 1.00 0.32 0.26 0.31 0.05 0.14 0.41 0.25 0.56 0.17 0.91 0.46 0.36 0.16 0.94 0.94 0.24 0.46 0.45 0.75 0.64 0.27 0.57 0.87 0.32 0.73 0.14 0.25 0.64 0.85 0.72 0.50 0.69 0.49 0.34 0.83 0.42 0.11 0.01 0.64 0.70 0.43 0.32 0.67 0.45 0.51 0.99 0.96 0.97 0.90 0.91 0.26 0.38 0.09 0.29 0.30 0.15 0.16 0.11 0.87 0.29 0.81 0.82 0.68 0.39 0.95 0.87 0.53 0.85 0.31 0.56 0.48 0.63 0.17 0.81 0.76 0.77 0.17 0.45 0.82 0.43 0.97 0.18 0.23 0.47 0.63 0.64 0.66 0.31 0.96 0.28 0.22 0.16 0.83 0.53 0.08 0.04 0.72 
0.59 0.85 0.96 0.75 0.89 0.57 0.12 0.43 0.15 0.96 0.20 0.46 0.23 0.29 0.36 0.76 0.64 0.61 0.94 0.85 0.40 0.49 0.09 0.42 0.85 0.71 0.95 0.62 0.85 0.55 0.30 0.09 0.54 0.59 0.42 0.74 0.48 0.58 0.64 0.05 0.51 0.74 0.76 0.32 0.24 0.08 0.77 0.67 0.47 0.65 0.47 1.00 0.94 0.49 0.66 0.21 0.53 0.26 0.05 0.66 0.35 0.57 0.13 0.72 0.85 0.80 0.50 0.43 0.62 0.91 0.28 0.83 0.36 0.26 0.36 0.14 0.56 0.49 0.91 0.67 0.05 0.85 0.05 0.78 0.17 0.75 0.22 0.00 0.70 0.06 0.60 0.43 0.69 0.86 0.08 0.50 0.76 0.11 0.50 0.14 
0.27 0.99 0.64 0.63 0.12 0.94 0.21 0.62 0.73 0.93 0.52 0.57 0.19 0.51 0.44 0.73 0.63 0.60 0.99 0.50 0.74 0.11 0.26 0.76 0.46 0.72 0.55 0.21 0.34 0.13 0.52 0.26 0.02 0.57 0.34 0.01 0.47 0.30 0.63 0.14 0.19 0.30 0.60 0.82 0.28 0.31 0.24 0.71 0.45 0.80 0.85 0.56 0.34 0.57 0.89 0.44 0.64 0.19 0.16 0.06 0.86 0.53 0.09 0.58 0.42 0.12 0.50 0.92 0.99 0.89 0.86 0.98 0.77 0.49 0.80 0.49 0.89 0.52 0.14 0.14 0.87 0.06 0.49 0.20 0.46 0.11 0.24 0.36 0.92 0.57 0.77 0.82 0.55 0.84 0.70 0.60 0.62 0.33 0.85 0.23 
0.33 0.33 0.58 0.60 0.04 0.19 0.85 0.15 0.99 0.45 0.70 0.81 0.42 0.22 0.60 0.57 0.18 0.13 0.34 0.78 0.57 0.34 0.93 0.99 0.78 0.73 0.74 0.31 0.63 0.68 0.27 0.05 0.92 0.83 0.97 0.67 0.12 0.83 0.91 0.29 0.08 0.92 0.18 0.56 0.82 0.21 0.81 0.72 0.21 0.58 0.83 0.83 0.85 0.78 0.77 0.58 0.27 0.26 0.50 0.03 0.64 0.08 0.16 0.71 0.45 0.54 0.31 0.78 0.56 0.97 0.16 0.47 0.37 0.41 0.22 0.33 0.26 0.58 0.89 0.46 0.16 0.39 1.00 0.92 0.84 0.36 0.36 0.97 0.85 0.01 0.56 0.64 0.73 0.99 0.68 0.96 0.77 0.04 0.37 0.44 
0.00 0.69 0.40 0.95 0.09 0.33 0.19 0.72 0.64 0.81 0.24 0.42 0.24 0.93 0.97 0.11 0.91 0.47 0.01 0.23 0.26 0.96 0.07 0.39 0.77 0.38 0.52 0.16 0.76 0.33 0.33 0.30 0.35 0.26 0.43 0.45 0.28 0.56 0.70 0.16 0.27 0.67 0.16 0.09 0.02 0.07 0.38 0.06 0.86 0.30 0.57 0.23 0.31 0.42 0.66 0.15 0.22 0.42 0.79 0.24 0.62 0.33 0.21 0.34 0.45 0.65 0.96 0.94 0.85 0.09 1.00 0.28 0.41 0.44 0.25 0.21 0.86 0.03 0.85 0.01 0.15 0.25 0.18 0.82 0.85 0.63 0.46 0.97 0.97 0.12 0.48 0.89 0.16 0.35 0.35 0.30 0.28 0.07 0.18 0.03 
0.97 0.82 0.97 0.46 0.92 0.31 0.03 0.98 0.16 0.37 0.27 0.52 0.76 0.08 0.42 0.38 0.81 0.25 0.66 0.35 0.50 0.51 0.76 0.13 0.24 0.14 0.39 0.21 0.63 0.51 0.31 0.12 0.69 0.38 0.88 0.09 0.49 0.49 0.59 0.35 0.55 0.12 0.36 0.37 0.73 0.03 0.72 0.91 0.17 0.48 0.95 0.60 0.13 0.25 0.14 0.10 0.81 0.92 0.18 0.23 0.39 0.67 0.54 0.60 0.07 0.70 0.19 0.57 0.72 0.36 0.36 0.80 0.34 0.83 0.06 0.26 0.69 0.27 0.67 0.90 0.59 0.62 0.94 0.45 0.28 0.80 0.32 0.52 0.83 0.85 0.26 0.88 0.58 0.02 0.55 0.08 0.35 0.16 0.72 0.69 
0.11 0.00 0.64 0.15 0.94 0.84 0.74 0.72 0.57 0.61 0.20 0.97 0.69 0.12 0.34 0.80 0.83 0.70 0.77 0.40 0.14 0.13 0.68 0.00 0.32 0.05 0.91 0.53 0.19 0.11 0.14 0.26 0.37 0.61 0.93 0.73 0.02 0.01 0.96 0.18 0.32 0.61 0.18 0.74 0.74 0.83 0.01 0.72 0.42 0.16 0.55 0.01 0.00 0.74 0.38 0.11 0.68 0.86 0.73 0.25 0.52 0.49 0.26 0.22 0.29 0.58 0.41 0.96 0.84 0.15 0.20 0.10 0.17 0.29 0.16 0.63 0.61 0.14 0.53 0.72 0.67 0.39 0.28 0.36 0.13 0.90 0.79 0.21 0.99 0.72 0.03 0.75 0.09 0.85 0.84 0.90 0.66 0.48 0.87 0.12 
0.11 0.93 0.43 0.27 0.83 0.53 0.04 1.00 0.24 0.77 0.32 0.43 0.85 0.46 0.87 0.06 0.71 0.19 0.86 0.46 0.88 0.92 0.09 0.17 0.13 0.86 0.64 0.22 0.37 0.39 0.84 0.17 0.43 0.92 0.83 0.30 0.93 0.79 0.64 0.56 0.44 0.70 0.64 0.07 0.50 0.67 0.49 0.18 0.72 0.11 0.82 0.88 0.78 0.31 0.52 0.94 0.73 0.74 0.33 0.24 0.32 0.78 0.18 0.75 0.42 0.38 0.03 0.60 0.31 0.70 0.08 0.28 0.03 0.45 0.13 0.50 0.86 0.59 0.07 0.31 0.90 0.51 0.99 0.91 0.28 0.42 0.41 0.76 0.10 0.34 0.72 0.10 0.36 0.39 0.12 0.89 0.01 0.22 0.78 0.61 
0.02 0.04 0.16 0.20 0.85 0.34 0.44 0.50 0.27 0.47 0.82 0.25 0.90 0.18 0.10 0.20 0.91 0.19 0.43 0.85 0.35 0.77 0.91 0.33 0.74 0.45 0.66 0.56 1.00 0.26 0.52 0.77 0.88 0.16 0.06 0.30 0.69 0.25 0.90 0.10 0.34 0.92 0.64 0.31 0.78 0.14 0.10 0.67 0.40 0.93 0.07 0.76 0.13 0.64 0.63 0.30 0.54 0.82 0.81 0.71 0.82 0.44 0.92 0.64 0.03 0.91 0.95 0.28 0.17 0.81 0.25 0.62 0.83 0.97 0.32 0.12 0.30 0.58 0.52 0.43 0.06 0.26 0.18 0.62 0.02 0.07 0.62 0.26 0.05 0.43 0.26 0.42 0.52 0.18 0.55 0.83 0.16 0.60 0.66 0.71 
0.32 1.00 0.08 0.81 0.63 0.03 0.58 0.37 0.18 0.79 0.42 0.42 0.44 0.68 0.74 0.34 0.79 0.96 0.97 0.24 0.07 0.43 0.32 0.69 0.96 0.48 0.18 0.27 0.65 0.69 0.64 0.10 0.42 0.89 0.93 0.10 0.14 0.89 0.90 0.17 0.60 0.31 0.05 0.33 0.41 0.11 0.85 0.08 0.06 0.84 0.86 0.91 0.93 0.43 0.51 0.82 0.56 0.08 0.97 0.08 0.47 0.12 0.89 0.44 0.65 0.78 0.14 0.95 0.46 0.32 0.73 0.74 0.28 0.85 0.06 0.93 0.11 0.27 0.70 0.94 0.05 0.56 0.94 0.73 0.95 0.32 0.71 0.24 0.12 0.42 0.37 0.69 0.71 0.64 0.25 0.93 0.48 0.94 0.92 0.11 
0.06 0.96 0.61 0.25 0.91 0.72 0.64 0.74 0.39 0.02 0.33 0.55 0.01 0.67 0.76 0.78 0.06 0.67 0.39 0.60 0.50 0.65 0.78 0.78 0.83 0.60 0.35 0.08 0.10 0.35 0.98 0.38 0.15 0.12 0.96 0.63 0.34 0.89 0.44 0.45 0.27 0.92 0.65 0.38 0.70 0.95 0.94 0.81 0.40 0.85 0.67 0.65 0.01 0.32 0.35 0.54 0.82 0.25 0.77 0.97 0.18 0.89 0.17 0.13 0.58 0.79 0.37 0.94 0.92 0.01 0.54 0.80 0.72 0.68 1.00 0.34 0.57 0.38 0.50 0.57 0.63 0.80 0.47 0.49 0.09 0.74 0.42 0.82 0.93 0.86 0.34 0.67 0.51 0.47 0.60 0.55 0.63 0.28 0.57 0.74 
0.55 0.45 0.55 0.82 0.15 0.61 0.19 0.05 0.73 0.15 0.85 0.23 0.51 0.48 0.85 0.94 0.99 0.52 0.12 0.29 0.36 0.18 0.11 0.21 0.97 0.44 0.62 0.79 0.34 0.49 0.41 0.55 0.22 0.36 0.36 0.26 0.59 0.51 0.88 0.41 0.40 0.98 0.49 0.32 0.52 0.43 0.28 0.14 0.96 0.65 0.06 0.38 0.71 0.06 0.01 0.23 0.40 0.64 0.36 0.69 0.20 0.51 0.27 0.61 0.09 0.86 0.22 0.02 0.12 0.15 0.05 0.84 0.04 0.84 0.61 0.30 0.24 0.27 0.00 0.05 0.73 0.87 0.20 0.71 0.68 0.74 0.83 0.82 0.50 0.95 0.69 0.24 0.45 0.90 0.31 0.75 0.64 0.77 0.83 0.38 
0.35 0.57 0.52 0.16 0.76 0.75 0.69 0.91 0.46 0.76 0.06 0.69 0.08 0.93 0.14 0.79 0.26 0.87 0.84 0.58 0.19 0.32 0.69 0.28 0.48 0.42 0.70 0.62 0.22 0.60 0.27 0.89 0.64 0.07 0.38 0.54 0.74 0.41 0.64 0.19 0.53 0.71 0.90 0.80 0.97 0.03 0.37 0.92 0.72 0.38 0.87 0.02 0.99 0.00 0.21 0.18 0.15 0.93 0.95 0.28 0.64 0.27 0.37 0.01 0.14 0.10 0.81 0.82 0.03 0.94 0.80 0.02 0.80 0.79 0.39 0.34 0.56 0.00 0.10 0.16 0.64 0.63 0.85 0.34 0.04 0.43 0.66 0.40 0.92 0.89 0.40 0.34 0.47 0.02 0.22 0.64 0.09 0.50 0.03 0.97 
0.54 0.14 0.24 0.13 0.37 0.51 0.06 0.51 0.92 0.38 0.16 0.04 0.38 0.54 0.55 0.16 0.83 0.41 0.40 0.42 0.64 0.26 0.62 0.49 0.54 0.65 0.34 0.33 0.75 0.50 0.50 0.97 1.00 0.47 0.97 0.16 0.57 0.81 0.58 0.54 0.34 0.23 0.83 0.52 0.19 0.15 0.18 0.76 0.92 0.15 0.72 0.76 0.51 0.57 0.02 0.58 0.46 0.18 0.42 0.83 0.02 0.99 0.10 0.56 0.64 0.48 0.91 0.82 0.26 0.97 0.53 0.24 0.83 0.10 0.06 0.15 0.02 0.77 0.32 0.64 0.42 0.47 0.12 0.56 0.62 0.50 0.54 0.06 0.88 0.10 0.37 0.23 0.26 0.03 0.49 0.98 0.70 0.17 0.99 0.84 
0.31 0.06 0.42 0.04 0.66 0.97 0.95 0.64 0.02 0.23 0.98 0.69 0.96 0.25 0.13 0.13 0.73 0.12 0.69 0.58 0.31 0.67 0.10 0.55 0.76 0.67 0.79 0.96 0.70 0.05 0.96 0.47 0.16 0.01 0.94 0.09 0.87 0.41 0.84 0.16 0.32 0.20 0.88 0.74 0.86 0.57 0.81 0.90 0.17 0.28 0.01 0.05 0.56 0.74 0.29 0.93 0.62 0.72 0.37 0.30 0.87 0.29 0.48 0.91 0.00 0.44 0.36 0.05 0.28 0.64 0.06 0.82 0.15 0.61 0.42 0.81 0.49 0.64 0.12 0.43 0.47 0.79 0.77 0.24 0.62 0.46 0.62 0.25 0.73 0.65 0.35 0.83 0.33 0.40 0.91 0.93 0.76 0.92 0.90 0.35 
0.76 0.55 0.67 0.81 0.90 0.73 0.99 0.20 0.36 0.08 0.50 0.88 0.65 0.32 0.11 0.69 0.70 0.92 0.44 0.43 0.47 0.22 0.11 0.30 0.23 0.60 0.04 0.72 0.18 0.97 0.02 0.03 0.54 0.31 0.19 0.79 0.07 0.66 0.72 0.58 0.78 0.19 0.58 0.05 0.89 0.06 0.69 0.20 0.11 0.84 0.46 0.68 0.74 0.25 0.40 0.45 0.32 0.22 0.99 0.04 0.41 0.78 0.41 0.89 0.21 0.39 0.14 0.17 0.69 0.80 0.27 0.21 0.84 0.94 0.42 0.50 0.67 0.22 0.98 0.37 0.34 0.38 0.21 0.38 0.42 0.98 0.63 0.96 0.38 0.49 0.46 0.71 0.92 0.72 0.59 0.93 0.88 0.89 0.70 0.62 
0.32 0.39 0.25 0.05 0.10 0.75 0.51 0.24 0.36 0.03 0.85 0.42 0.40 0.94 0.09 0.66 0.33 0.10 0.27 0.86 0.95 0.61 0.09 0.82 0.41 0.38 0.97 0.48 0.36 0.33 0.46 0.60 0.42 0.54 0.27 0.06 0.36 0.97 0.83 0.22 0.51 0.81 0.31 0.22 0.68 0.36 0.96 0.34 0.68 0.73 0.48 0.75 0.20 0.71 0.77 0.74 0.28 0.39 0.81 0.09 0.99 0.74 0.03 0.05 0.86 0.91 0.89 0.29 0.15 0.47 0.89 0.99 0.40 0.23 0.21 0.90 0.27 0.26 0.36 0.24 0.10 0.29 0.54 0.54 0.44 0.35 0.58 0.72 0.33 0.60 0.04 0.32 0.78 0.75 0.32 0.04 0.10 0.71 0.72 0.64 
0.57 0.09 0.91 0.03 0.11 0.57 0.75 0.11 0.16 0.07 0.41 0.56 0.87 0.75 0.26 0.90 0.50 0.03 0.24 0.67 0.28 0.87 0.96 0.56 0.90 0.80 0.97 0.66 0.36 0.22 0.79 0.71 0.21 0.98 0.43 0.30 0.28 0.56 0.42 0.82 0.79 0.83 0.71 0.72 0.41 0.06 0.76 0.02 0.54 0.87 0.01 0.64 0.13 0.18 0.74 0.09 0.68 0.77 0.88 0.71 0.47 0.61 0.61 0.51 0.91 0.17 0.43 0.93 0.02 0.73 0.85 0.43 0.72 0.82 0.11 0.06 0.45 0.62 0.76 0.22 0.01 0.69 0.83 0.96 0.23 0.28 0.21 0.84 0.23 0.95 0.84 0.44 0.99 0.36 0.67 0.73 0.04 0.15 0.46 0.70 
0.32 0.92 0.55 0.65 0.86 0.42 0.94 0.59 0.55 0.16 0.75 0.08 0.63 0.92 0.66 0.24 0.14 0.05 0.68 0.32 0.58 0.34 0.57 0.89 0.62 0.24 0.44 0.43 0.69 0.74 0.40 0.10 0.83 0.33 0.47 0.66 0.78 0.11 0.37 0.01 0.14 0.79 0.80 0.37 0.48 0.68 0.47 0.18 0.56 0.55 0.94 0.53 0.21 0.05 0.24 0.27 0.63 0.85 0.89 0.73 0.48 0.48 0.96 0.39 0.96 0.10 0.80 0.55 0.47 0.56 0.28 0.61 0.34 0.54 0.35 0.76 0.16 0.10 0.27 0.86 0.64 0.27 0.15 0.81 0.80 0.04 0.75 0.42 0.19 0.49 0.62 0.66 0.12 0.11 0.22 0.74 0.73 0.22 0.11 0.90 
0.03 0.02 0.21 0.58 0.26 0.80 0.10 0.27 0.01 0.92 0.28 0.28 0.23 0.61 0.92 0.85 0.42 0.63 0.43 0.26 0.58 0.49 0.27 0.58 0.18 0.84 0.43 0.24 0.27 0.26 0.31 0.93 0.87 0.86 0.03 0.65 0.29 0.99 0.26 0.46 0.20 0.78 0.82 0.72 0.93 0.60 0.91 0.91 0.22 0.62 0.20 0.42 0.39 0.82 0.60 0.86 0.11 0.70 0.91 0.48 0.84 0.49 0.02 0.37 0.63 0.19 0.07 0.72 0.66 0.38 0.14 0.05 0.82 0.16 0.34 0.56 0.15 0.77 0.88 0.20 0.11 0.98 0.68 0.48 0.37 0.51 0.94 0.88 0.57 0.76 0.83 0.90 0.54 0.77 0.73 0.46 0.01 0.92 0.18 0.52 
0.81 0.87 0.95 0.26 0.24 0.37 0.07 0.52 0.47 0.88 0.97 0.54 0.77 0.29 0.29 0.31 0.55 0.83 0.49 0.70 0.77 0.21 0.44 0.92 0.22 0.49 0.89 0.72 0.79 0.01 0.68 0.90 0.39 0.20 0.98 0.26 0.93 0.07 0.69 0.49 0.81 0.39 0.38 0.01 0.49 0.73 0.13 0.84 0.23 0.79 0.23 0.01 0.95 0.46 0.50 0.36 0.77 0.42 0.63 0.74 0.29 0.78 0.17 0.62 0.70 0.64 0.66 0.44 0.40 0.56 0.95 0.46 0.36 0.77 0.04 0.14 0.07 0.88 0.09 0.29 0.36 0.50 0.71 0.29 0.74 0.06 0.75 0.34 0.84 0.87 0.77 0.40 0.48 0.07 0.42 0.48 0.43 0.51 0.38 0.74 
0.24 0.35 0.25 0.29 0.93 0.65 0.58 1.00 0.67 0.06 0.95 0.96 0.56 0.70 0.90 0.45 0.51 0.85 0.75 0.72 0.65 1.00 0.89 0.00 0.47 0.20 0.19 0.79 0.32 0.70 0.36 0.28 0.99 0.93 0.13 0.23 0.98 0.90 0.27 0.69 0.41 0.04 0.74 0.95 0.32 0.48 0.70 0.15 0.17 0.76 0.08 0.57 0.03 0.34 0.89 0.88 0.56 0.47 0.80 0.81 0.43 0.17 0.53 0.52 0.27 0.37 0.82 0.04 0.34 0.77 0.56 0.71 0.07 0.47 0.79 0.27 0.55 0.27 0.29 0.80 0.13 0.63 0.77 0.27 0.51 0.39 0.84 0.24 0.94 0.37 0.38 0.14 0.76 0.71 0.69 0.39 0.94 0.17 0.79 0.56 
0.46 0.80 0.04 0.75 0.36 0.51 0.76 0.87 0.69 0.61 0.83 0.17 0.67 0.82 0.26 0.98 0.66 0.26 0.07 0.91 0.12 0.98 0.64 0.33 0.01 0.89 0.76 0.20 0.87 0.55 0.09 0.20 0.40 0.94 0.28 0.84 0.73 0.90 0.12 0.66 0.65 0.67 0.24 0.90 0.54 0.43 0.08 0.55 0.91 0.80 0.06 0.67 0.11 0.63 0.66 0.62 0.43 0.54 0.34 0.71 0.26 0.58 0.69 0.81 0.21 0.06 0.79 0.07 0.37 0.47 0.96 0.84 0.42 0.01 0.50 1.00 0.80 0.31 0.37 0.87 0.73 0.24 0.57 0.14 0.66 0.16 0.93 0.98 0.32 0.39 0.89 0.80 0.22 0.03 0.51 0.14 0.95 0.13 0.45 0.67 
0.95 0.33 0.35 0.17 0.02 0.94 0.67 0.08 0.42 0.39 0.09 0.41 0.18 0.23 0.30 0.84 0.60 0.96 0.04 0.40 0.35 0.46 0.09 0.90 0.89 0.89 0.47 0.95 0.40 0.93 0.08 0.22 0.43 0.64 0.12 0.92 0.30 0.17 0.30 1.00 0.80 0.01 0.95 0.56 0.71 0.98 0.53 0.68 0.29 0.71 0.85 0.85 0.08 0.18 0.60 0.41 0.67 0.92 0.02 0.90 0.16 0.30 0.79 0.14 0.20 0.33 0.57 0.75 0.05 0.41 0.11 0.98 0.55 0.20 0.53 0.61 0.11 0.27 0.44 0.52 0.68 0.60 0.67 0.25 0.62 0.31 0.28 0.15 0.90 0.25 0.81 0.58 0.01 0.17 0.51 0.93 0.73 0.31 0.18 0.21 
0.00 0.84 0.70 0.17 0.76 0.01 0.05 0.20 0.49 0.20 0.70 0.06 0.44 0.15 0.72 0.53 0.44 0.59 0.57 0.91 0.40 0.46 0.89 0.22 0.19 0.12 0.47 0.82 0.89 0.34 0.50 0.75 0.80 0.52 0.40 0.17 0.43 0.68 0.28 1.00 0.40 0.86 0.71 0.63 0.17 0.59 0.08 0.88 0.35 0.65 0.55 1.00 0.80 0.50 0.11 0.54 0.97 0.83 0.70 0.76 0.37 0.53 0.04 0.34 0.77 0.35 0.85 0.76 0.21 0.06 0.37 0.76 0.02 0.88 0.78 0.96 0.91 0.66 0.63 0.81 0.17 0.82 0.77 0.48 0.30 0.90 0.22 0.09 0.70 0.73 0.22 0.95 0.61 0.02 0.16 0.46 0.15 0.25 0.77 0.17 
0.15 0.51 0.81 0.99 0.61 0.06 0.57 0.17 0.33 0.64 0.96 0.47 0.39 0.87 0.78 0.12 0.57 0.66 0.16 0.44 0.01 0.97 0.29 0.71 0.14 0.56 0.09 0.82 0.95 0.41 0.96 0.82 0.56 0.82 0.03 0.15 0.22 0.39 0.40 0.31 0.15 0.12 0.90 0.96 0.16 0.88 0.48 0.93 0.46 0.94 0.14 0.98 0.52 0.32 0.98 0.55 0.90 0.30 0.06 0.16 0.93 0.52 0.39 0.14 0.60 0.06 0.58 0.75 0.23 0.86 0.57 0.09 0.74 0.50 0.97 0.34 0.01 0.76 0.27 0.57 0.63 0.58 0.51 0.98 0.98 0.59 0.26 0.77 0.57 0.39 0.66 0.40 0.84 0.17 0.06 0.77 0.08 0.05 0.45 0.82 
0.88 0.21 0.71 0.07 0.81 0.16 0.84 0.95 0.89 0.27 0.84 0.91 0.02 0.12 0.37 0.41 0.61 0.50 0.38 0.77 0.66 0.33 0.17 0.56 0.24 0.37 0.19 0.73 0.61 0.68 0.74 0.92 0.49 0.42 0.25 0.35 0.56 0.40 0.09 0.66 0.54 0.95 0.71 0.57 0.06 0.08 0.96 0.65 0.90 0.55 0.68 0.70 0.16 0.24 0.94 0.44 0.53 0.56 0.54 0.93 0.44 0.09 0.25 0.88 0.04 0.25 0.83 0.05 0.59 0.65 0.09 0.90 0.94 0.77 0.90 0.31 0.25 0.30 0.42 0.78 0.25 0.49 0.76 0.57 0.37 0.05 0.46 0.55 0.05 0.07 0.05 0.47 1.00 0.32 0.95 0.14 0.74 0.50 0.84 0.13 
0.45 0.34 0.42 0.41 0.40 0.84 0.64 0.60 0.27 0.56 0.32 0.82 0.20 0.74 0.10 1.00 0.32 1.00 0.51 0.13 0.04 0.67 0.33 0.77 0.75 0.21 0.66 0.01 0.02 0.46 0.45 0.13 0.56 0.51 0.52 0.38 0.99 0.38 0.95 0.76 0.94 0.88 0.84 0.17 0.53 0.74 0.33 0.75 0.99 0.80 0.39 0.62 0.04 0.74 0.86 0.91 0.48 0.25 0.09 0.96 0.61 0.78 0.43 0.61 0.73 0.01 0.24 0.28 0.57 0.12 0.42 0.38 0.61 0.29 0.78 0.07 0.52 0.85 0.40 0.75 0.90 0.70 0.74 0.48 0.58 0.95 0.06 0.62 0.54 0.52 0.35 0.13 0.46 0.22 0.58 0.99 0.56 0.98 0.92 0.71 
0.51 0.64 0.59 0.13 0.89 0.52 0.58 0.03 0.93 0.71 0.53 0.13 0.52 0.40 0.74 0.02 0.27 0.44 0.41 0.59 0.06 0.46 0.01 0.22 0.39 0.85 0.55 0.56 0.48 0.22 0.06 0.54 0.76 0.62 0.40 0.54 0.78 0.35 0.07 0.08 0.23 0.15 0.64 0.93 0.33 0.50 0.62 0.62 0.86 0.26 0.43 0.35 0.96 0.93 0.76 0.52 0.95 0.34 0.98 0.15 0.53 0.61 0.01 0.62 0.77 0.75 0.87 0.50 0.57 0.73 0.51 0.54 0.05 0.01 0.96 0.31 0.22 0.09 0.98 0.47 0.81 0.61 0.75 0.42 0.73 0.32 0.82 0.30 0.41 0.23 0.66 0.60 0.21 0.03 0.85 0.24 0.72 0.92 0.19 0.82 
0.75 0.78 0.59 0.78 0.75 0.86 0.88 0.67 0.01 0.93 0.04 0.51 0.73 0.87 0.91 0.74 0.13 0.47 0.32 0.63 0.69 0.67 0.55 0.55 0.95 0.42 0.63 0.41 0.94 0.58 0.86 0.68 0.19 0.47 0.41 0.90 0.62 0.67 0.98 0.58 0.15 0.37 0.48 0.92 0.12 0.03 0.57 0.60 0.46 0.45 0.19 0.78 0.33 0.11 0.33 0.04 0.97 0.79 0.39 0.62 0.30 0.87 0.49 0.89 0.08 0.55 0.20 0.89 0.47 0.45 0.82 0.47 0.98 0.75 0.93 1.00 0.82 0.84 0.58 0.27 0.31 0.79 0.43 0.15 0.03 0.03 0.14 0.42 0.77 0.98 0.28 0.64 0.28 0.55 0.37 0.68 0.39 0.49 0.58 0.78 
0.53 0.54 0.06 0.09 0.24 0.41 0.88 0.88 0.28 0.15 0.67 0.31 0.77 0.41 0.42 0.71 0.48 0.34 0.39 0.47 0.78 0.67 0.95 0.68 0.12 0.23 0.25 0.39 0.05 0.46 0.40 0.60 0.32 0.90 0.67 0.87 0.31 0.91 0.60 0.67 0.47 0.45 0.73 0.65 0.41 0.17 0.95 0.32 0.33 0.21 0.69 0.78 0.41 0.48 0.66 0.55 0.99 0.38 0.22 0.51 0.61 0.34 0.52 0.24 0.24 0.15 0.61 0.66 0.79 0.53 0.17 0.89 0.46 0.76 0.96 0.29 0.36 0.40 0.10 0.62 0.74 0.41 0.58 0.84 0.98 0.38 0.60 0.32 0.84 0.86 0.32 0.66 0.32 0.15 0.89 0.83 0.87 0.93 0.00 0.29 
0.55 0.00 0.66 0.02 0.41 0.86 0.27 0.27 0.52 0.24 0.69 0.66 0.72 0.99 0.71 0.31 0.52 0.64 0.75 0.42 0.13 0.63 0.43 0.61 0.27 0.34 0.94 0.18 0.12 0.99 0.02 0.42 0.15 0.39 0.66 0.66 0.18 0.30 0.50 0.84 0.98 0.23 0.01 0.92 0.14 0.21 0.60 0.11 0.10 0.41 0.22 0.54 0.45 0.03 0.44 0.38 0.99 0.56 0.40 0.11 0.68 0.78 0.90 0.82 0.51 0.40 0.92 0.59 0.79 0.03 0.60 0.63 0.07 0.93 0.44 0.79 0.39 0.84 0.89 0.39 0.79 0.32 0.64 0.70 0.80 0.55 0.93 0.48 0.94 0.43 0.28 0.76 0.57 0.73 0.38 0.57 0.85 0.02 0.64 0.57 
0.49 0.62 0.71 0.42 0.73 0.94 0.25 0.95 0.34 0.23 0.07 0.16 0.94 0.29 0.45 0.82 0.62 0.87 0.03 0.56 0.14 0.58 0.10 0.89 0.44 0.67 0.39 0.58 0.31 0.32 0.50 0.62 0.75 0.55 0.74 0.00 0.14 0.47 0.39 0.50 0.39 0.26 0.61 0.35 0.71 0.95 0.71 0.24 0.23 0.81 0.91 0.27 0.47 0.40 0.71 0.92 0.65 0.24 0.14 0.80 0.69 0.26 0.08 0.70 0.77 0.69 0.89 0.54 0.98 0.64 0.98 0.50 0.38 0.59 0.98 0.50 0.55 0.18 0.57 0.74 0.92 0.95 0.86 0.74 0.44 0.13 0.88 0.45 0.29 0.43 0.54 0.13 0.76 0.66 0.99 0.39 0.72 0.22 0.61 0.23 
0.61 0.64 0.65 0.56 0.34 0.28 0.86 0.72 0.61 0.66 0.95 0.21 0.02 0.39 0.49 0.33 0.89 0.25 0.25 0.98 0.54 0.00 0.19 0.17 0.66 0.28 0.09 0.74 0.04 0.92 0.81 0.21 0.26 0.61 0.50 0.01 0.44 0.99 0.69 0.86 0.30 0.99 0.63 0.66 0.90 0.98 0.71 0.21 0.85 0.48 0.34 0.38 0.16 0.19 0.08 0.47 0.66 0.74 0.03 0.31 0.10 0.77 0.79 0.22 0.73 0.94 0.76 0.43 0.28 0.47 0.73 0.44 0.33 0.25 0.04 0.60 0.67 0.98 0.23 0.38 0.80 0.22 0.15 0.37 0.51 0.03 0.43 0.56 0.93 0.92 0.23 0.15 0.07 0.05 0.25 0.11 0.13 0.77 0.67 0.18 
0.08 0.94 0.10 0.56 0.56 0.02 0.82 0.46 0.52 0.36 0.23 0.38 0.99 0.85 0.45 0.19 0.60 0.32 0.23 0.11 0.26 0.84 0.58 0.57 0.46 0.13 0.56 0.56 0.88 0.75 0.04 0.21 0.43 0.05 0.90 0.86 0.82 0.74 0.16 0.82 0.46 0.41 0.77 0.07 0.67 0.96 0.44 0.08 0.09 0.11 0.25 0.59 0.59 0.12 0.44 0.39 0.78 0.56 0.20 0.49 0.92 0.95 0.08 0.39 0.32 0.53 0.02 0.17 0.93 0.14 0.50 0.24 0.90 0.80 0.36 0.71 0.34 0.77 0.90 0.77 0.15 0.51 0.28 0.06 0.14 0.21 0.25 0.28 0.90 0.11 0.06 0.61 0.98 0.32 0.22 0.86 0.05 0.12 0.29 0.84 
0.86 0.42 0.15 0.03 0.50 0.78 0.91 0.82 0.16 0.90 0.50 0.20 0.82 0.89 0.31 0.07 0.03 0.13 0.75 0.35 0.81 0.75 0.86 0.13 0.02 0.96 0.15 0.50 0.21 0.38 0.05 0.38 0.78 0.00 0.12 0.01 0.08 0.98 0.92 0.00 0.01 0.60 0.66 0.62 0.14 0.89 0.44 0.40 0.87 0.98 0.31 0.20 0.65 0.20 0.02 0.32 0.06 0.13 0.48 0.74 0.77 0.04 0.24 0.52 0.08 0.05 0.18 0.31 0.51 0.33 0.61 0.10 0.94 0.48 0.62 0.04 0.97 0.40 0.37 0.36 0.93 0.11 0.02 0.71 0.72 0.99 0.94 0.52 0.72 0.01 0.86 0.53 0.00 0.66 0.12 0.92 0.63 0.78 0.99 0.93 
0.43 0.24 0.38 0.06 0.41 0.10 0.89 0.96 0.57 0.83 0.98 0.60 0.61 0.01 0.23 0.03 0.47 0.76 0.37 0.60 0.02 0.53 0.36 0.38 0.91 0.21 0.09 0.77 0.72 0.34 0.49 0.38 0.28 0.29 0.74 0.19 0.96 0.69 0.77 0.83 0.35 0.07 0.50 0.61 0.51 0.35 0.83 0.18 0.83 0.24 0.01 1.00 0.20 0.30 0.17 0.82 0.61 0.37 0.70 0.66 0.92 0.52 0.07 0.63 0.01 0.65 0.74 0.56 0.26 0.47 0.14 0.03 0.33 0.55 0.42 0.79 0.97 0.53 0.31 0.88 0.45 0.41 0.09 0.82 0.80 0.60 0.33 0.08 0.13 0.77 0.14 0.52 0.20 0.51 0.95 0.75 0.36 0.09 0.33 0.56 
0.36 0.68 0.28 0.79 0.35 0.54 0.80 0.08 0.10 0.73 0.31 0.26 0.88 0.93 0.92 0.66 0.61 0.08 0.47 0.31 0.96 0.95 0.95 0.94 0.16 0.06 0.19 0.51 0.64 0.04 0.29 0.52 0.22 0.73 0.78 0.57 0.02 0.90 0.54 0.11 0.69 0.71 0.57 0.25 0.94 0.32 0.89 0.95 0.46 0.16 0.28 0.65 0.72 0.57 0.84 0.69 0.88 0.49 0.48 0.29 0.92 0.41 0.41 0.34 0.42 0.95 0.81 0.07 0.09 0.03 0.09 0.17 0.45 0.97 0.55 0.69 0.02 0.26 0.46 0.81 0.26 0.35 0.25 0.67 0.53 0.28 0.09 0.83 0.99 0.85 0.02 0.07 0.14 0.02 0.40 0.17 0.36 0.75 0.26 0.16 
0.79 0.88 0.12 0.52 0.01 0.08 0.23 0.43 0.90 0.67 0.01 0.44 0.10 0.64 0.83 0.43 0.91 0.64 0.02 0.75 0.17 0.04 0.22 0.13 0.74 0.96 0.62 0.26 0.37 0.78 0.48 0.38 0.24 0.00 0.82 0.70 0.11 0.51 0.39 0.01 0.77 0.36 0.69 0.89 0.71 0.73 0.92 0.17 0.90 0.49 0.47 0.65 0.76 0.98 0.20 0.12 0.64 0.41 0.70 0.50 0.05 0.09 0.56 0.74 0.82 0.51 0.69 0.53 0.33 0.95 0.44 0.76 0.62 0.10 0.21 0.30 0.72 0.16 0.37 0.42 0.27 0.12 0.89 0.32 0.94 0.04 0.38 0.15 0.31 0.22 0.10 0.44 0.01 0.14 0.94 0.14 0.63 0.75 0.81 0.78 
0.25 0.10 0.95 0.74 0.89 0.98 0.81 0.68 0.19 0.42 0.22 0.19 0.88 0.85 0.58 0.13 0.08 0.44 0.43 0.36 0.12 0.57 0.76 0.06 0.29 0.51 0.95 0.20 0.81 0.42 0.53 0.29 0.68 0.29 0.91 0.24 0.15 0.17 0.06 0.61 0.14 0.03 0.11 0.48 0.04 0.20 0.73 0.58 0.65 0.07 0.54 0.54 0.92 0.44 0.44 0.49 0.96 0.34 0.61 0.75 0.05 0.31 0.42 0.85 0.35 0.89 0.87 0.67 0.48 0.91 0.92 0.17 0.56 0.80 0.07 0.23 0.30 0.71 0.63 0.87 0.45 0.97 0.67 0.84 0.45 0.33 0.11 0.39 0.76 0.72 0.75 0.91 0.12 0.08 0.61 0.12 0.12 0.43 0.45 0.90 
0.70 0.61 0.52 0.81 0.67 0.39 0.97 0.27 0.12 0.20 0.19 0.45 0.55 0.26 0.33 0.63 0.61 0.62 0.15 0.93 0.50 0.11 0.92 0.96 0.11 0.65 0.08 0.34 0.89 0.09 0.34 0.87 0.16 0.06 0.71 0.08 0.44 0.49 0.85 0.42 0.37 0.81 0.71 0.39 0.35 0.34 0.02 0.11 0.59 0.46 0.60 0.69 0.54 0.67 0.75 0.39 0.85 0.02 0.90 0.14 0.93 0.46 0.31 0.46 0.66 0.98 0.51 0.89 0.16 0.92 0.09 0.41 0.44 0.22 0.16 0.81 0.45 0.45 0.19 0.30 0.17 0.77 0.55 0.48 0.05 0.99 0.61 0.70 0.38 0.32 0.82 0.68 0.40 0.57 0.50 0.81 0.25 0.62 0.97 0.34 
0.61 0.48 0.03 0.25 0.64 0.93 0.50 0.45 0.61 0.40 0.90 0.87 0.40 0.57 0.99 0.74 0.29 0.59 0.26 0.99 0.12 0.07 0.54 0.38 0.34 0.92 0.75 0.43 0.81 0.16 0.31 0.83 0.49 0.44 0.33 0.31 0.80 0.72 0.23 0.45 0.49 0.10 0.67 0.58 0.93 0.80 0.80 0.91 0.27 0.67 0.40 0.35 0.75 0.48 0.63 0.84 0.09 0.63 0.79 0.80 0.36 0.01 0.93 0.66 0.22 0.74 0.59 0.44 0.88 0.74 0.81 0.98 0.51 0.20 0.64 0.01 0.89 0.42 0.78 0.89 0.70 0.25 0.82 0.44 0.10 0.05 0.87 0.32 0.90 0.39 0.07 0.61 0.97 0.77 0.87 0.53 0.71 0.06 0.58 1.00 
0.92 0.84 0.94 0.63 0.68 0.18 0.40 0.09 0.97 0.23 0.10 0.39 0.27 0.31 0.65 0.35 0.47 0.42 0.93 0.59 0.00 0.76 0.08 0.53 0.95 0.45 0.74 0.03 0.40 0.35 0.92 0.05 0.47 0.37 0.39 0.18 0.11 0.95 0.43 0.04 0.26 1.00 0.78 0.54 0.85 0.15 0.86 0.22 0.96 0.81 0.87 0.04 0.50 0.51 0.50 0.45 0.22 0.26 0.65 0.92 0.57 0.32 0.62 0.60 0.14 0.09 0.25 0.86 0.37 0.87 0.91 0.31 0.81 0.65 0.33 0.16 0.65 0.38 0.04 0.91 0.32 0.50 0.33 0.43 0.88 0.53 0.52 0.66 0.01 0.40 0.16 0.11 0.78 0.10 0.30 0.72 0.49 0.52 0.44 0.79 
0.35 0.41 0.50 0.43 0.10 0.01 0.30 0.96 0.26 0.43 0.16 0.64 0.01 0.05 0.63 0.11 0.54 0.31 0.42 0.73 0.24 0.19 0.74 0.33 0.09 0.61 0.15 0.29 0.15 0.42 0.29 0.81 0.99 0.22 0.73 0.92 0.06 0.72 0.83 0.61 0.34 0.83 0.49 0.49 0.60 0.22 0.25 0.80 0.96 0.21 0.29 0.51 0.59 0.12 0.43 0.51 0.31 0.25 0.31 0.60 0.32 0.26 0.32 0.69 0.10 0.61 0.25 0.13 0.46 0.39 0.03 0.58 0.23 0.99 0.75 0.67 0.76 0.39 0.34 0.86 0.50 0.22 0.79 0.48 0.67 0.22 0.21 0.27 0.25 0.70 0.76 0.87 0.68 0.77 0.92 0.36 0.48 0.77 0.73 0.50 
0.99 0.86 0.19 0.85 0.03 0.48 0.52 0.04 0.97 0.82 0.89 0.09 0.43 0.07 0.21 0.77 0.92 0.99 0.18 0.02 0.53 0.95 0.84 0.51 0.50 0.14 0.72 0.86 0.54 0.66 0.64 0.92 0.69 0.68 0.81 0.46 0.76 0.70 0.55 0.66 0.97 0.96 0.07 0.36 0.61 0.37 0.01 0.81 0.98 0.90 0.73 0.85 0.00 0.53 0.80 0.21 0.26 0.43 0.28 0.33 0.09 0.17 0.99 0.90 0.36 0.23 0.90 0.93 0.17 0.77 0.63 0.53 0.61 0.43 0.12 0.56 0.97 0.06 0.75 0.68 0.64 0.34 0.30 0.75 0.20 0.36 0.36 0.78 0.17 0.29 0.13 0.38 0.41 0.45 0.97 0.66 0.82 0.54 0.92 0.03 
