0.21 0.25 0.17 0.80 0.17 0.95 0.96 0.53 0.56 0.14 0.52 0.11 0.60 0.68 0.19 0.85 0.72 0.50 0.41 0.13 0.02 0.29 0.62 0.19 0.86 0.67 0.81 0.26 0.96 0.03 0.94 0.87 0.44 0.01 0.05 0.26 0.04 0.36 0.71 0.39 0.69 0.60 0.62 0.05 0.96 0.23 0.98 0.29 0.32 0.18 0.72 0.56 0.54 0.03 0.63 0.49 0.13 0.15 0.10 0.93 0.12 0.74 0.88 0.16 0.22 0.41 0.46 0.21 0.99 0.60 0.88 0.18 0.33 0.24 0.67 0.54 0.74 0.71 0.19 0.43 0.71 0.06 0.14 0.60 0.22 0.95 0.22 0.05 0.22 0.14 0.60 0.72 0.47 0.85 0.08 0.26 0.71 0.51 0.39 0.67 
0.07 0.89 0.26 0.23 0.93 0.51 0.41 0.78 0.22 0.56 0.17 0.28 0.76 0.06 0.27 0.76 0.64 0.81 0.96 0.04 0.23 0.87 0.26 0.47 0.32 0.13 0.78 0.41 0.43 0.82 0.16 0.48 0.27 0.56 0.91 0.98 0.14 0.36 0.93 0.64 0.41 0.53 0.86 0.45 0.39 0.80 0.49 0.15 0.62 0.67 0.46 0.69 0.04 0.64 0.19 0.11 0.72 0.93 0.25 0.24 0.89 0.04 0.29 0.18 0.26 0.92 0.25 0.47 0.58 0.45 0.50 0.67 0.58 0.77 0.01 0.23 0.40 0.64 0.93 0.84 0.38 0.71 0.35 0.89 0.55 0.35 0.81 0.98 0.54 0.74 0.62 0.43 0.81 0.99 0.47 0.30 0.93 0.75 0.00 0.98 
0.80 0.47 0.87 0.46 0.24 0.70 0.89 1.00 0.50 0.72 0.12 0.42 0.31 0.51 0.44 0.04 0.97 0.62 0.64 0.70 0.11 0.63 0.48 0.53 1.00 0.68 0.02 0.97 0.66 0.92 0.24 0.39 0.50 0.69 0.67 0.96 0.36 0.77 0.65 0.40 0.16 0.83 0.69 0.94 0.51 0.12 0.71 0.76 0.99 0.59 0.53 0.47 0.63 0.69 0.28 0.95 0.04 0.54 0.87 0.64 0.30 0.20 0.66 0.16 0.26 0.10 1.00 0.75 0.27 0.52 0.68 0.55 0.37 0.33 0.00 0.69 0.47 0.19 0.60 0.05 0.14 0.18 0.93 0.11 0.43 0.40 0.32 0.18 0.21 0.42 0.61 0.98 0.01 0.40 0.42 0.96 0.05 0.19 0.41 0.30 
0.74 0.73 0.30 0.34 0.65 0.76 0.80 0.21 0.47 0.05 0.74 0.64 0.70 0.63 0.77 0.23 0.21 0.52 0.83 0.62 0.22 0.49 0.25 0.75 0.90 0.49 0.06 0.74 0.23 0.05 0.74 0.20 0.87 0.97 0.52 0.49 0.65 0.82 0.83 0.04 0.08 0.82 0.86 0.81 0.63 0.56 0.88 0.18 0.28 0.63 0.20 0.75 0.92 0.06 0.99 0.77 0.77 0.12 0.81 0.49 0.51 0.59 0.59 0.36 0.34 0.45 0.52 0.23 0.32 0.82 0.10 0.28 0.43 0.90 0.21 0.92 0.61 0.68 0.27 0.28 0.98 0.91 0.12 0.91 0.74 0.50 0.81 0.90 0.93 0.58 0.05 0.64 0.10 0.34 0.60 0.40 0.02 0.10 0.77 0.04 
0.56 0.43 0.60 0.87 0.18 0.54 0.21 0.38 0.45 0.33 0.43 0.24 0.20 0.49 0.57 0.85 0.88 0.24 0.43 0.65 0.06 0.91 0.04 0.03 0.98 0.14 0.92 0.30 0.93 0.71 0.96 0.06 0.76 0.43 0.47 0.98 0.43 0.32 0.52 0.39 0.95 0.01 0.29 0.01 0.15 0.16 0.17 0.87 0.70 0.34 0.14 0.25 0.79 0.87 0.84 0.65 0.77 0.71 0.60 0.81 0.91 0.77 0.94 0.22 0.87 0.08 0.52 0.42 0.88 0.01 0.21 0.55 0.74 0.99 0.58 0.13 0.06 0.62 0.31 0.83 0.59 0.39 0.47 0.10 0.55 0.07 0.42 0.01 0.84 0.28 0.25 0.73 0.80 0.65 0.28 0.48 0.84 0.24 0.82 0.39 
0.35 0.42 0.19 0.58 0.92 0.43 0.53 0.16 0.65 0.42 0.56 0.07 0.54 0.76 0.79 0.16 0.71 0.14 0.37 0.51 0.14 0.98 0.97 0.88 0.97 0.69 0.23 0.79 0.67 0.17 0.14 0.46 0.11 0.47 0.28 0.89 0.16 0.17 0.30 0.78 0.37 0.12 0.47 0.24 0.22 0.32 0.12 0.82 0.61 0.18 0.83 0.35 0.19 0.17 0.95 0.19 0.89 0.88 0.85 0.13 0.82 0.79 0.53 0.64 0.86 0.05 0.10 0.45 0.59 0.20 0.99 0.62 0.37 0.15 0.37 0.78 0.64 0.95 0.58 0.09 0.23 0.75 0.90 0.56 0.30 0.52 0.02 0.66 0.38 0.55 0.97 0.14 0.38 0.98 0.12 0.81 0.24 0.41 0.10 0.06 
0.40 0.90 0.01 0.63 0.44 0.44 0.71 0.60 0.22 0.10 0.91 0.75 0.73 0.23 0.54 0.47 0.22 0.48 0.88 0.84 0.17 0.79 0.25 0.67 0.69 0.93 0.18 0.10 0.87 0.33 0.29 0.58 0.11 0.65 0.66 0.66 0.71 0.11 0.20 0.48 0.13 0.76 0.13 0.06 0.15 0.46 0.89 0.46 0.66 0.14 0.20 0.83 0.85 0.85 0.26 0.22 0.93 0.64 0.53 0.48 0.77 0.39 0.89 0.64 0.92 0.72 0.42 0.34 0.68 0.01 0.10 0.53 0.74 0.23 0.81 0.06 0.15 0.15 0.18 0.95 0.36 0.84 0.42 0.22 0.97 0.33 0.33 0.08 0.11 0.66 0.71 0.38 0.85 0.49 0.04 0.93 0.68 0.48 0.20 0.15 
0.10 0.05 0.60 0.57 0.91 0.70 0.71 0.40 0.69 0.73 0.44 0.89 0.38 0.35 0.35 0.43 0.49 0.39 0.15 0.28 0.00 0.69 0.04 0.03 0.02 0.15 0.72 0.48 0.72 0.65 0.42 0.26 0.59 0.05 0.21 0.95 0.59 0.09 0.32 0.29 0.42 0.65 0.82 0.55 0.79 0.91 0.05 0.45 0.31 0.13 0.36 0.42 0.13 0.74 0.05 0.63 0.12 0.42 0.79 0.41 0.70 0.17 0.62 0.56 0.73 0.80 0.36 0.88 0.86 0.77 0.94 0.73 0.26 0.56 0.99 0.46 0.77 0.10 0.91 0.56 0.68 0.93 0.87 0.19 0.68 0.16 0.83 0.61 0.37 0.69 0.76 0.89 0.09 0.18 0.16 0.29 0.49 0.52 0.03 0.52 
0.41 0.44 0.06 0.96 0.67 0.86 0.23 0.99 0.86 0.53 0.47 0.89 0.52 0.95 0.36 0.73 0.15 0.36 0.03 0.31 0.64 0.86 0.30 0.41 0.87 0.68 0.06 0.12 0.99 0.57 0.97 0.18 0.93 0.03 0.43 0.98 0.32 0.47 0.75 0.01 0.56 0.11 0.72 0.09 0.21 0.86 0.80 0.86 0.71 0.13 0.57 0.87 0.19 0.48 0.29 0.54 0.69 0.78 0.71 0.91 0.21 0.71 0.17 0.08 0.14 0.98 0.07 0.70 0.31 0.57 0.61 0.74 0.19 0.78 0.41 0.33 0.30 0.04 0.79 0.81 0.51 0.40 0.21 0.12 0.11 0.22 0.87 0.98 0.40 0.96 0.13 0.28 0.90 0.07 0.06 0.58 0.59 0.34 0.86 0.00 
0.49 0.77 0.19 0.97 0.23 0.11 0.16 0.53 0.97 0.83 0.69 0.94 0.36 0.26 0.09 0.44 0.93 0.94 0.79 0.81 0.27 0.07 0.23 0.67 0.80 0.29 0.45 0.10 0.87 0.32 0.83 0.89 0.14 0.88 0.45 0.62 0.47 0.73 0.88 0.39 0.25 0.15 0.37 0.23 0.29 0.48 0.61 0.68 0.16 0.27 0.12 0.55 0.90 0.23 0.91 0.89 0.29 0.87 0.01 0.61 0.92 0.37 0.77 0.04 0.20 0.10 0.82 0.61 0.57 0.44 0.21 0.36 0.43 0.28 0.64 0.56 0.81 0.38 0.62 0.26 0.39 0.67 0.50 0.53 0.93 0.55 0.08 0.15 0.56 0.74 0.82 0.46 0.86 0.75 0.58 0.89 0.05 0.36 0.71 0.16 
0.27 0.37 0.02 0.89 0.64 0.42 0.72 0.96 0.32 0.33 0.52 0.37 0.99 0.68 0.97 0.54 0.86 0.74 0.29 0.96 0.12 0.25 0.12 0.25 0.52 0.40 0.27 0.67 0.98 0.08 0.77 0.39 0.02 0.94 0.55 0.95 0.97 0.51 0.60 0.41 0.14 0.01 0.26 0.25 0.72 0.26 0.15 0.50 0.75 0.96 0.14 0.33 0.31 0.32 0.52 0.95 0.34 0.65 0.30 0.29 0.53 0.37 0.13 0.36 0.83 0.18 0.55 0.33 0.11 0.73 0.13 0.46 0.85 0.87 0.26 1.00 0.48 0.72 0.68 0.29 0.07 0.19 0.43 0.88 0.61 0.34 0.88 0.83 0.24 0.68 0.41 0.37 0.83 0.49 0.72 0.34 0.87 1.00 0.43 0.51 
1.00 0.03 0.75 0.69 0.49 0.43 0.70 0.38 0.60 0.11 0.84 0.79 0.53 0.61 0.86 0.19 0.51 0.21 0.70 0.84 0.07 0.67 0.23 0.52 0.89 0.10 0.02 0.87 0.90 0.40 0.42 0.49 0.47 0.47 0.35 0.51 0.45 0.65 0.81 0.89 0.67 0.34 0.09 0.74 0.02 0.06 0.85 0.23 0.94 0.34 0.48 0.25 0.99 0.75 0.45 0.11 0.43 0.12 0.20 0.49 0.61 0.28 0.34 0.03 0.45 0.99 0.26 0.15 0.87 0.91 0.47 0.96 0.83 0.88 0.84 0.89 0.64 0.99 0.61 0.19 0.59 0.33 0.23 0.33 0.37 0.70 0.70 0.74 0.20 0.49 0.38 0.06 0.22 0.02 0.95 0.46 0.91 0.97 0.36 0.65 
0.53 0.25 0.77 0.14 0.23 0.69 0.59 0.59 0.85 0.48 0.32 0.28 0.43 0.91 0.83 0.23 0.86 0.47 0.06 0.87 0.96 0.35 0.64 0.48 0.95 0.39 0.25 0.84 0.24 0.43 0.47 0.11 0.30 0.58 0.00 0.79 0.42 0.03 0.64 0.78 0.10 0.29 0.70 0.33 0.54 0.64 0.97 0.78 0.30 0.44 0.40 0.53 0.92 0.35 0.92 0.59 0.95 0.24 0.22 0.99 0.58 0.16 0.47 0.05 0.79 0.49 0.33 0.53 0.03 0.42 0.50 0.21 0.81 0.36 0.38 0.34 0.93 0.35 0.42 0.81 0.67 0.22 0.68 0.83 0.59 0.89 0.51 0.14 0.02 0.67 0.27 0.31 0.83 0.78 0.31 0.28 0.61 0.32 0.84 0.44 
0.82 0.16 0.56 0.50 0.63 0.05 0.67 0.95 0.86 0.77 0.38 0.27 0.11 0.17 0.98 0.23 0.75 0.05 0.75 0.03 0.07 0.33 0.54 0.94 0.96 0.51 0.58 0.23 0.03 0.71 0.91 0.21 0.70 0.22 0.86 0.25 0.89 0.81 0.27 0.89 0.55 0.56 0.89 0.34 0.84 0.07 0.76 0.42 0.32 0.37 0.76 0.42 0.26 0.49 0.42 0.11 0.18 0.59 0.62 0.12 0.59 0.46 0.45 0.28 0.23 0.74 0.06 0.62 0.58 0.60 0.27 0.09 0.24 0.14 0.91 0.93 0.46 0.65 0.72 0.47 0.16 0.17 0.36 0.13 0.61 0.75 0.40 0.90 0.50 0.81 0.15 0.54 0.15 0.24 0.99 0.31 0.05 0.62 0.65 0.98 
1.00 0.20 0.43 0.49 0.32 0.81 0.78 0.32 0.03 0.75 0.78 0.77 0.87 0.33 0.39 0.17 0.04 0.92 0.49 0.47 0.39 0.89 0.59 0.38 0.12 0.57 0.44 0.83 0.09 0.75 0.96 0.91 0.54 0.11 0.32 0.78 0.00 0.32 0.01 0.24 0.52 0.74 0.55 0.32 0.33 0.84 0.22 0.44 0.52 0.27 0.31 0.64 0.39 0.51 0.86 0.51 0.97 0.48 0.97 0.65 0.47 0.06 0.19 0.38 0.28 0.78 0.26 0.52 0.71 0.36 0.28 0.65 0.36 0.38 0.43 0.39 0.89 0.89 0.90 0.83 0.68 0.09 0.19 0.45 0.82 0.79 0.94 0.46 0.96 0.07 0.17 0.62 0.13 0.80 0.89 0.40 0.27 0.97 0.19 0.12 
0.09 0.07 0.49 0.77 0.81 0.49 0.78 0.38 0.48 0.55 0.76 0.52 0.47 0.21 0.44 0.76 0.76 0.27 0.03 0.29 0.65 0.83 0.42 0.42 0.06 0.71 0.69 0.49 0.41 0.71 0.14 0.57 0.27 0.89 0.59 0.68 0.61 0.74 0.76 0.15 0.87 0.91 0.07 0.92 0.24 0.87 0.33 0.90 0.77 0.65 0.32 0.78 0.05 0.20 0.95 0.21 0.69 0.42 0.05 0.67 0.97 0.00 0.32 0.31 0.40 0.19 0.36 0.03 0.08 0.75 0.65 0.79 0.93 0.92 0.69 0.89 0.67 0.86 0.73 0.99 0.90 0.34 0.52 0.39 0.98 0.64 0.95 0.07 0.05 0.34 0.28 0.19 0.46 0.10 0.99 0.75 0.12 0.52 0.07 0.23 
0.18 0.38 0.08 0.25 0.94 0.16 0.68 0.08 0.66 0.84 0.23 0.95 0.35 0.91 0.04 0.83 0.47 0.04 0.15 0.30 0.18 0.98 0.50 0.53 0.87 0.30 0.38 0.57 0.49 0.54 0.01 0.89 0.14 0.70 0.87 0.83 0.61 0.48 0.07 0.31 0.02 0.86 0.54 0.06 0.79 0.91 0.70 0.26 0.70 0.08 0.49 0.03 0.29 0.68 0.78 0.03 0.69 0.83 0.70 0.61 0.27 0.63 0.71 0.25 0.99 0.39 0.77 0.93 0.24 0.89 0.82 0.33 0.85 0.80 0.22 0.73 0.16 0.15 0.83 0.77 0.69 0.59 0.35 0.54 0.42 0.61 0.71 0.29 0.67 0.44 0.56 0.46 0.98 0.37 0.14 0.59 0.51 0.11 0.08 0.96 
0.41 0.96 0.90 0.25 0.36 0.21 0.04 0.71 0.94 0.01 0.79 0.55 0.68 0.81 0.04 0.63 0.21 0.86 0.35 0.78 0.82 0.44 0.68 0.87 0.68 0.29 0.49 0.91 0.37 0.91 0.68 0.83 0.83 0.10 0.10 0.94 0.38 0.90 0.06 0.51 0.70 0.86 0.78 0.33 0.28 0.70 0.01 0.85 0.75 0.29 0.46 0.83 0.95 0.14 0.20 0.67 0.20 0.04 0.23 0.40 0.43 0.80 0.92 0.84 0.33 0.87 0.16 1.00 0.05 0.93 0.55 0.17 0.27 0.18 0.45 0.02 0.54 0.85 0.14 0.29 0.05 0.16 0.97 0.12 0.20 0.13 0.67 0.29 0.74 0.44 0.00 0.64 0.83 0.94 0.74 0.40 0.76 0.10 0.38 0.13 
0.25 0.58 0.15 0.80 0.96 0.40 0.26 0.69 0.58 0.62 0.29 0.02 0.20 0.56 0.38 0.23 0.35 0.81 0.03 0.37 0.89 0.22 0.72 0.34 0.49 0.49 0.80 0.75 0.45 0.45 0.89 0.51 0.59 0.27 0.44 0.98 0.86 0.35 0.14 0.02 0.32 0.51 0.66 0.84 0.76 0.63 0.46 0.01 0.33 0.70 0.16 0.57 0.89 0.75 0.62 0.73 0.45 0.78 0.31 0.54 0.28 0.20 0.46 0.58 0.09 0.15 0.83 0.73 0.20 0.64 0.82 0.41 0.01 0.37 0.54 0.70 0.42 0.88 0.64 0.23 0.46 0.59 0.74 0.74 0.07 0.04 0.14 0.46 1.00 0.69 0.46 0.99 0.95 0.83 0.23 0.76 0.94 0.50 0.27 0.11 
0.48 0.44 0.62 0.37 0.00 0.11 0.39 0.40 0.82 0.52 0.87 0.70 0.57 0.83 0.21 0.54 0.92 0.77 0.65 0.01 0.21 0.24 0.88 0.28 0.70 0.30 0.98 0.13 0.22 0.85 0.08 0.79 0.02 0.06 0.70 0.04 0.14 0.53 0.29 0.93 0.68 0.24 0.85 0.51 0.94 0.11 0.92 0.11 0.28 0.26 0.89 0.83 0.27 0.87 0.78 0.41 0.70 0.11 0.01 0.05 0.79 0.14 0.09 0.03 0.18 1.00 0.33 0.99 0.94 0.60 0.33 0.74 0.03 0.83 0.97 0.32 0.41 0.99 0.74 0.55 0.94 0.42 0.81 0.95 0.42 0.01 0.03 0.82 0.68 0.31 0.83 0.89 0.80 0.06 0.62 0.98 0.60 0.13 0.55 0.23 
0.89 0.79 0.31 0.03 0.84 0.01 0.07 0.73 0.81 0.91 0.34 0.41 0.91 0.17 0.92 0.06 0.14 0.49 0.76 0.29 0.28 0.19 0.52 0.29 0.46 0.77 0.34 0.73 0.73 0.80 0.03 0.60 0.86 0.39 0.80 0.48 0.83 0.55 0.68 0.27 0.41 0.70 0.01 0.88 0.73 0.51 0.80 0.83 0.20 1.00 0.14 0.73 0.37 0.73 0.86 0.30 0.24 0.90 0.12 0.43 0.87 0.55 0.58 0.66 0.59 0.45 0.58 0.99 0.59 0.01 0.02 0.18 0.05 0.26 0.47 0.72 0.95 0.11 0.72 0.53 0.34 0.87 0.85 0.69 0.56 0.51 0.33 0.29 0.49 0.22 0.92 0.65 0.43 0.55 0.18 0.11 0.87 0.81 0.38 0.54 
0.43 0.47 0.48 0.44 0.76 0.02 0.11 0.80 0.87 0.15 0.45 0.97 0.65 0.31 0.63 0.82 0.12 0.78 0.29 0.13 0.76 0.70 0.41 0.80 0.73 0.68 0.33 0.40 0.63 0.76 1.00 0.48 0.95 0.58 0.71 0.90 0.30 0.35 0.54 0.15 0.13 0.51 0.95 0.40 0.36 0.66 0.02 0.33 0.26 0.18 0.42 0.54 0.28 0.38 0.16 0.11 0.34 0.12 0.33 0.12 0.08 0.05 0.33 0.08 0.46 0.16 0.53 0.70 0.44 0.82 0.13 0.00 0.18 0.85 0.39 0.04 0.51 0.58 0.28 0.83 0.68 0.18 0.48 0.70 0.62 0.15 0.03 0.01 0.44 0.90 0.27 0.16 0.15 0.11 0.46 0.79 0.05 0.94 0.31 0.63 
0.78 0.21 0.73 0.66 0.63 0.92 0.81 0.30 0.34 0.26 0.67 0.78 0.77 0.99 0.24 0.56 0.88 0.25 0.99 0.57 0.57 0.64 0.14 0.86 0.44 0.74 0.45 0.41 0.39 0.14 0.73 0.92 0.80 0.82 0.07 0.74 0.33 0.60 0.48 0.02 0.71 0.68 0.60 0.53 0.26 0.87 0.95 0.94 0.25 0.14 0.82 0.62 0.43 0.61 0.11 0.18 0.72 0.12 0.49 0.28 0.94 0.34 0.28 0.78 0.67 0.35 0.47 0.54 0.97 0.80 0.85 0.30 0.19 0.66 0.23 0.39 0.75 0.32 0.66 0.56 0.25 0.86 0.15 0.82 0.74 0.95 0.34 0.65 0.69 0.64 0.83 0.51 0.37 0.41 0.09 0.58 0.54 1.00 0.58 0.09 
0.94 0.06 0.24 0.56 0.43 0.81 0.26 0.47 0.62 0.28 0.74 0.59 0.45 0.29 0.38 0.67 0.48 0.42 0.61 0.27 0.82 0.59 0.10 0.62 0.85 0.68 0.66 0.79 0.96 0.53 0.20 0.88 0.86 0.53 0.93 0.66 0.26 0.45 0.55 0.77 0.70 0.15 0.09 0.77 0.74 0.40 0.62 0.88 0.16 0.70 0.39 0.09 0.75 0.78 0.01 0.81 0.25 0.51 0.25 0.71 0.39 0.39 0.77 0.49 0.54 0.33 0.09 0.40 0.59 0.66 0.03 0.93 0.60 0.39 0.33 0.63 0.32 0.13 0.46 0.80 0.82 0.31 0.74 0.53 0.09 0.54 0.56 0.44 0.70 1.00 0.46 0.94 0.06 0.68 0.87 0.76 0.92 0.48 0.05 0.04 
0.99 0.38 0.88 0.76 0.19 0.63 0.46 0.15 0.16 0.71 0.12 0.94 0.89 0.47 0.25 0.15 0.07 0.47 0.25 0.85 0.27 0.01 0.73 0.56 0.86 0.76 0.21 0.88 0.90 0.69 0.10 0.75 0.27 0.85 0.22 0.98 0.13 0.98 0.18 0.75 0.13 0.16 0.50 0.22 0.58 0.11 0.59 0.57 0.97 0.81 0.36 0.17 0.53 0.22 0.86 0.44 0.94 0.24 0.57 0.74 0.81 0.56 0.59 0.18 0.58 0.40 0.79 0.31 0.28 0.30 0.03 0.00 0.40 0.30 0.17 0.15 0.98 0.08 0.44 0.84 0.65 0.14 0.41 0.92 0.25 0.14 0.21 0.87 0.88 0.10 0.64 0.46 0.37 0.83 1.00 0.54 0.99 0.13 0.94 0.21 
0.34 0.68 0.96 0.60 0.37 0.78 0.62 0.74 0.07 0.16 0.27 0.88 0.25 0.31 0.32 0.65 0.06 0.02 0.59 0.39 0.78 0.40 0.49 0.15 0.37 0.99 0.05 0.65 0.58 0.83 0.28 0.76 0.50 0.92 0.40 0.66 0.91 0.26 0.55 0.23 0.26 0.50 0.71 0.04 0.05 0.43 0.60 0.97 0.70 0.98 0.10 0.76 0.75 0.32 0.11 0.29 0.71 0.45 0.62 0.56 0.98 0.19 0.86 0.16 0.03 0.94 0.31 0.78 0.64 0.70 0.21 0.53 0.44 0.02 0.74 0.83 0.43 0.32 0.22 0.07 0.16 0.12 0.51 0.29 0.95 0.57 0.16 0.68 0.44 0.27 0.28 0.23 0.25 0.90 0.01 0.57 0.45 0.09 0.69 0.15 
0.76 0.03 0.18 0.06 0.37 0.36 0.85 0.26 0.62 0.37 0.32 0.46 0.10 0.23 0.68 0.65 0.62 0.75 0.30 0.50 0.01 0.21 0.11 0.48 0.02 0.49 0.80 0.46 0.67 0.20 0.18 0.87 0.08 0.94 0.37 0.88 0.47 0.60 1.00 0.69 0.82 0.37 0.51 0.85 0.12 0.68 0.42 0.59 0.29 0.92 0.39 0.29 0.18 0.96 0.01 0.25 0.13 0.61 0.44 0.16 0.93 0.51 0.32 0.06 0.72 0.48 0.62 0.96 0.37 0.41 0.39 0.20 0.71 0.66 0.98 0.20 0.74 0.78 0.85 0.18 0.38 0.92 0.98 0.92 0.35 0.21 0.76 0.41 0.29 0.62 0.47 0.97 0.41 0.62 0.61 0.56 0.53 0.00 0.35 0.87 
0.61 0.64 0.51 0.74 0.80 0.64 0.15 0.56 0.04 0.76 0.03 0.59 0.15 0.83 0.77 0.05 0.61 0.34 0.72 0.24 0.05 0.32 0.57 0.53 0.75 0.25 0.46 0.45 0.33 0.59 1.00 0.36 0.25 0.82 0.49 0.32 0.62 0.13 0.23 0.62 0.63 0.02 0.78 0.55 0.51 0.42 0.84 0.82 0.81 0.87 0.87 0.05 0.99 0.85 0.72 0.55 0.55 0.18 0.95 0.78 0.97 0.54 0.70 0.70 0.77 0.01 0.32 0.07 0.08 0.54 0.80 0.32 0.35 0.91 0.69 0.53 0.36 0.62 0.07 0.71 0.40 0.57 0.90 0.89 0.87 0.70 0.45 0.15 0.74 0.25 0.56 0.93 0.43 0.24 0.27 0.26 0.13 0.12 0.70 0.01 
0.02 0.26 0.85 0.99 0.59 0.62 0.63 0.24 0.07 0.44 0.47 0.74 0.87 0.66 0.80 0.55 0.46 0.55 0.67 0.23 0.31 0.78 0.40 0.58 0.89 0.71 0.21 0.52 0.01 0.21 0.44 0.20 0.48 0.94 0.07 0.50 0.33 0.77 0.59 0.98 0.46 0.83 0.73 0.35 0.03 0.13 0.67 0.40 0.87 0.96 0.73 0.11 0.60 0.03 0.04 0.30 0.38 0.51 0.50 0.02 0.34 0.51 0.33 0.50 0.97 0.07 0.70 0.90 0.19 0.03 0.95 0.02 0.01 0.30 0.86 0.75 0.32 0.24 0.27 0.31 0.86 0.61 0.63 0.36 0.66 0.07 0.01 0.81 0.27 0.92 0.72 0.81 0.42 0.09 0.88 0.57 0.78 0.27 0.49 1.00 
0.17 0.14 0.91 0.37 0.87 0.60 0.82 0.26 0.10 0.86 0.90 0.83 0.26 0.38 0.83 0.38 0.38 0.14 0.98 0.42 0.41 0.25 0.59 0.64 0.44 0.17 0.81 0.19 0.84 0.85 0.31 0.23 0.45 0.68 0.94 0.78 0.38 0.09 0.14 0.35 0.80 0.33 0.12 0.98 0.88 0.09 0.52 0.89 0.63 0.12 0.67 0.09 0.76 0.94 0.94 0.85 0.46 0.61 0.58 0.04 1.00 0.67 0.29 0.88 0.66 0.27 0.79 0.57 0.78 0.88 0.13 0.50 0.36 0.64 0.57 0.51 0.48 0.63 0.98 0.20 0.29 0.75 0.41 0.78 0.50 0.23 0.10 0.66 0.73 0.49 0.71 0.73 0.57 0.84 0.15 0.13 0.32 0.13 0.35 0.23 
0.28 0.98 0.78 0.19 0.97 0.32 0.87 0.78 0.56 0.02 0.81 0.40 0.31 0.55 0.60 0.50 0.87 0.85 0.49 0.15 0.51 0.53 0.11 0.67 0.86 0.35 0.13 0.40 0.66 0.32 0.29 0.76 0.73 0.64 0.78 0.24 0.79 0.47 0.23 0.22 0.73 0.94 0.27 0.40 0.11 0.83 0.90 0.62 0.89 0.44 0.10 0.90 0.24 0.19 0.69 0.49 0.42 0.19 0.57 0.81 0.17 0.29 0.24 0.09 0.19 0.41 0.40 0.33 0.29 0.93 0.21 0.50 0.33 0.37 0.17 0.46 0.35 0.51 0.69 0.80 0.89 0.56 0.96 0.14 0.24 0.24 0.27 0.61 0.56 0.81 0.94 0.45 0.94 0.91 0.73 0.14 0.17 0.45 0.56 0.22 
0.92 0.81 0.54 0.01 0.72 0.20 0.72 0.18 0.77 0.21 0.89 0.40 0.55 0.31 0.77 0.91 0.75 0.83 0.29 0.98 0.76 0.57 0.51 0.24 0.21 0.72 0.03 0.09 0.08 0.41 0.87 0.00 0.47 0.39 0.55 0.19 0.48 0.54 0.36 0.52 0.26 0.90 0.05 0.04 0.54 0.82 0.74 0.95 0.99 0.20 0.79 0.67 0.88 0.17 0.99 0.09 0.57 0.88 0.11 0.66 0.94 0.60 0.88 0.77 0.89 0.86 0.92 0.90 0.27 0.65 0.72 0.82 0.30 0.65 0.55 0.58 0.43 0.59 0.24 0.95 0.70 0.27 0.94 0.45 0.68 0.92 0.61 0.88 0.52 0.53 0.47 0.16 0.32 0.58 0.59 0.49 0.72 0.11 0.45 0.45 
0.72 0.44 0.80 0.51 0.34 0.52 0.09 0.53 0.79 0.73 0.38 0.38 0.23 0.50 0.85 0.49 0.75 0.94 0.65 0.80 0.98 0.99 0.16 0.47 0.08 0.83 0.99 0.27 0.81 0.52 0.25 0.53 0.40 0.75 0.65 0.11 0.78 0.94 0.02 0.83 0.18 0.78 0.86 0.23 0.02 0.70 0.29 0.95 0.25 0.73 0.29 0.23 0.65 0.07 0.84 0.37 0.03 0.34 0.63 0.13 0.68 0.43 0.12 0.18 0.00 0.05 0.36 0.85 0.43 0.46 0.86 0.14 0.03 0.60 0.35 0.20 0.60 0.43 0.82 0.87 0.32 0.75 0.64 0.85 0.19 0.80 0.29 0.37 0.82 0.13 0.03 0.68 0.60 0.19 0.72 0.91 0.79 0.07 0.11 0.66 
0.79 0.10 0.71 0.48 0.57 0.03 0.16 0.49 0.54 0.59 0.52 0.17 0.24 0.76 0.60 0.18 0.01 0.36 0.93 0.43 0.03 0.51 0.70 0.90 0.88 0.12 0.72 0.64 0.90 0.99 0.90 0.96 0.95 0.24 0.10 0.98 0.07 0.48 0.18 0.68 0.86 0.84 0.26 0.18 0.00 0.58 0.05 0.09 0.52 0.09 0.97 0.74 0.58 0.03 0.80 0.43 0.98 0.94 0.27 0.08 0.93 0.38 0.73 0.06 0.21 0.68 0.49 0.86 0.73 0.86 0.02 0.31 0.51 0.81 0.85 0.53 0.66 0.05 0.75 0.13 0.09 0.05 0.26 0.52 0.77 0.57 0.90 0.92 0.69 0.85 0.72 0.97 0.75 0.02 0.43 0.56 0.64 0.89 0.00 0.16 
0.56 0.96 0.93 0.01 0.34 0.39 0.14 0.70 0.11 0.29 0.05 0.30 0.88 0.46 0.35 0.81 0.37 0.80 0.31 0.50 0.69 0.57 0.73 0.92 0.76 0.42 0.13 0.55 0.56 0.26 0.22 0.76 0.41 0.88 0.47 0.61 0.29 0.80 0.70 0.60 0.22 0.60 0.75 1.00 0.15 0.96 0.18 0.16 0.93 0.25 0.93 0.52 0.61 0.56 0.53 0.65 0.78 0.99 0.01 0.76 0.29 0.76 0.52 0.87 0.91 0.49 0.48 0.17 0.69 0.71 0.19 0.87 0.37 0.45 0.89 0.17 0.87 0.61 0.37 0.21 0.83 0.25 0.68 0.59 0.46 0.84 0.19 0.52 0.91 0.73 0.90 0.69 0.21 0.75 0.05 0.06 0.22 0.33 0.84 0.15 
0.04 0.06 0.57 0.19 0.39 0.82 0.82 0.53 0.29 0.42 0.83 0.48 0.21 0.67 0.49 0.77 0.34 0.53 0.18 0.92 0.83 0.75 0.78 0.94 0.34 0.94 0.05 0.43 0.63 0.41 0.66 0.64 0.35 0.40 0.64 0.99 0.38 0.16 0.12 0.27 0.85 0.44 0.44 0.81 0.40 0.74 0.01 0.62 0.07 0.52 0.35 0.13 0.91 0.29 0.46 0.99 0.99 0.30 0.12 0.25 0.71 0.20 0.23 0.59 0.81 0.23 0.18 0.70 0.38 0.41 0.32 0.97 0.89 0.19 0.76 0.82 0.40 0.93 0.24 0.02 0.26 0.55 0.39 0.22 0.09 0.26 0.62 0.59 0.24 0.69 0.48 0.83 0.71 0.89 0.99 0.89 0.66 0.99 0.89 0.95 
0.93 0.89 0.40 0.53 0.92 0.24 0.29 0.18 0.64 0.71 0.43 0.65 0.55 0.01 0.66 0.28 0.31 0.52 0.23 0.87 0.08 0.33 0.42 0.77 0.80 0.17 0.52 0.91 0.58 0.33 0.32 0.66 0.68 0.45 0.80 0.27 0.55 0.43 0.45 0.48 0.48 0.65 0.43 0.90 0.52 0.19 0.09 0.40 0.96 0.51 0.20 0.87 0.87 0.59 0.30 0.41 0.28 0.46 0.28 0.97 0.31 0.34 0.11 0.69 0.23 0.38 0.28 0.32 0.32 0.88 0.61 0.41 0.17 0.66 0.35 0.90 0.45 0.67 0.23 0.16 0.80 0.74 0.59 0.65 0.51 0.15 0.38 0.39 0.80 0.99 0.17 0.99 0.78 0.86 0.79 0.86 0.85 0.13 0.51 0.60 
0.20 0.37 0.37 0.43 0.29 0.38 0.24 0.09 0.18 0.92 0.42 0.57 0.03 0.29 0.70 0.71 0.37 0.99 0.03 0.52 0.69 0.52 0.38 0.14 0.29 0.31 0.40 0.36 0.14 0.80 0.14 0.62 0.37 0.09 0.11 0.09 0.98 0.93 0.92 0.58 0.04 0.27 0.13 0.46 0.45 0.40 0.39 0.08 0.10 0.36 0.16 0.51 0.05 0.54 0.11 0.98 0.15 0.62 0.90 0.04 0.56 0.67 0.17 0.36 0.31 0.32 0.12 0.50 0.19 0.45 0.55 0.96 0.23 0.28 0.51 0.13 0.64 0.43 0.96 0.55 0.19 0.59 0.46 0.29 0.82 0.53 0.34 0.31 0.42 0.96 0.14 0.01 0.31 0.20 0.86 0.75 0.20 0.04 0.45 0.17 
0.71 0.53 0.54 0.24 0.58 0.71 0.47 0.98 0.42 0.78 0.25 0.97 0.54 0.13 0.06 0.39 0.78 0.31 0.42 0.20 0.75 0.55 0.45 0.53 0.10 0.50 0.79 0.79 0.07 0.72 0.61 0.15 0.59 0.46 0.83 0.62 0.24 0.11 0.18 0.78 0.11 0.89 0.16 0.81 0.07 0.60 0.49 0.76 0.59 0.13 0.97 0.09 0.84 0.25 0.78 0.31 0.33 0.36 0.41 0.92 0.94 0.94 0.62 0.04 0.55 0.93 0.44 0.46 0.74 0.75 0.23 0.16 0.87 0.29 0.60 0.36 0.53 0.93 0.48 0.20 0.15 0.51 0.92 0.90 0.77 0.97 0.46 0.20 0.91 0.14 0.31 0.61 0.68 0.19 0.88 0.69 0.65 0.69 0.10 0.12 
0.63 0.91 0.27 0.64 0.77 0.87 0.44 0.15 0.51 0.88 0.16 0.69 0.51 0.74 0.53 0.49 0.33 0.99 0.81 0.14 0.78 0.15 0.82 0.87 0.06 0.31 0.11 0.88 0.81 0.29 0.27 0.18 0.00 0.69 0.46 0.50 0.07 0.49 0.62 0.11 0.76 0.06 0.58 0.22 0.42 0.95 0.73 0.24 0.74 0.07 0.84 0.85 0.35 0.60 0.39 0.17 0.05 0.84 0.74 0.02 0.05 0.13 0.80 0.90 0.46 0.14 0.15 0.36 0.10 0.66 0.44 0.21 0.67 0.68 0.38 0.17 0.19 0.44 0.72 0.55 0.44 0.75 0.92 0.64 0.20 0.76 0.02 0.79 0.79 0.39 0.03 0.40 0.86 0.11 0.53 0.79 0.06 0.90 0.17 0.51 
0.07 0.02 0.02 0.27 0.95 0.86 0.65 0.12 0.40 0.69 0.89 0.92 0.01 0.50 0.62 0.59 0.10 0.36 0.71 0.06 0.41 0.75 0.06 0.15 0.41 0.41 0.05 0.63 0.65 0.21 0.86 0.20 0.40 0.27 0.45 0.20 0.99 0.95 0.34 0.68 0.26 0.05 0.44 0.29 0.14 0.71 0.07 0.35 0.84 0.83 0.39 0.99 0.80 0.41 0.27 0.74 0.26 0.27 0.83 0.05 0.75 0.77 0.35 0.25 0.01 0.65 0.70 0.51 0.15 0.29 0.98 0.85 0.02 0.88 0.89 0.33 0.17 0.52 0.83 0.86 0.22 0.17 0.25 0.45 0.13 0.06 0.95 0.76 0.90 0.44 0.66 0.78 0.90 0.61 0.07 0.48 0.65 0.32 0.36 0.04 
0.49 0.74 0.51 0.32 0.03 0.24 0.66 0.46 0.68 0.07 0.24 0.94 0.66 0.66 0.40 0.90 0.34 0.21 0.36 0.50 0.23 0.94 0.91 0.90 0.94 0.05 0.76 0.98 0.46 0.58 0.70 0.02 0.37 0.51 0.67 0.75 0.05 0.10 0.51 0.75 0.87 0.82 0.56 0.86 0.75 0.13 0.44 0.98 0.35 0.56 0.13 0.37 0.18 0.72 0.24 0.61 0.20 0.93 0.30 0.82 0.02 0.38 0.50 0.31 0.05 0.35 0.74 0.93 0.39 1.00 0.90 0.98 0.51 0.52 0.31 0.31 0.51 0.07 0.88 0.34 0.43 0.83 0.22 0.15 0.16 0.94 0.87 0.35 0.02 0.62 0.65 0.63 0.47 0.98 0.92 0.10 0.84 0.17 0.16 0.58 
0.48 0.95 0.69 0.87 0.49 0.57 0.85 0.62 0.33 0.74 0.75 0.31 0.31 0.73 0.79 0.48 0.17 0.02 0.50 0.54 0.86 0.67 0.79 0.84 0.22 0.28 0.67 0.37 0.57 0.29 0.56 0.21 0.37 0.70 0.22 0.23 0.01 0.33 0.27 0.73 0.24 0.72 0.28 0.86 0.08 0.05 0.04 0.88 0.80 0.37 0.24 0.14 0.88 0.12 0.91 0.75 0.26 0.15 0.14 0.32 0.06 0.51 0.48 0.97 0.25 0.96 0.49 0.31 0.04 0.29 0.66 0.55 0.14 0.04 0.19 0.13 0.21 0.86 0.83 0.12 0.88 0.19 0.93 0.23 0.33 0.22 0.77 1.00 0.05 0.33 0.17 0.28 0.00 0.82 0.34 0.74 0.11 0.16 0.08 0.23 
0.90 0.76 0.39 0.68 0.07 0.88 0.32 0.60 0.35 0.43 0.79 0.74 0.67 0.35 0.81 0.49 0.40 0.88 0.03 0.86 0.92 0.77 0.81 0.51 0.58 0.93 0.65 0.98 0.93 0.69 0.32 0.04 0.55 0.99 0.96 0.07 0.30 0.51 0.78 0.29 0.25 0.34 0.30 0.10 0.38 0.40 0.66 0.24 0.19 0.82 0.82 0.92 0.97 0.80 0.86 0.10 0.63 0.62 0.33 0.83 0.71 0.16 0.96 0.60 0.73 0.58 0.75 0.54 0.75 0.12 0.46 0.75 0.82 0.05 0.58 0.89 0.76 0.19 0.08 0.95 0.82 0.87 0.82 0.72 0.44 0.88 0.88 0.41 0.38 0.92 0.07 0.71 0.86 0.44 0.88 0.54 0.89 0.68 0.08 0.14 
0.10 0.07 0.61 0.72 1.00 0.43 0.38 0.16 0.23 0.92 0.03 0.64 0.11 0.83 0.06 0.30 0.31 0.67 0.51 0.27 0.98 0.70 0.07 0.40 0.25 0.12 0.64 0.81 0.10 0.51 0.44 0.28 0.78 0.30 0.28 0.15 0.72 0.58 0.64 0.86 0.36 0.79 0.51 0.16 0.74 0.58 0.96 0.61 0.64 0.51 0.71 0.29 0.00 0.51 0.80 0.04 0.61 0.23 0.02 0.40 0.51 0.40 0.76 0.51 0.19 0.52 0.98 0.21 0.05 0.58 0.26 0.37 0.43 0.30 0.50 0.02 0.61 0.05 1.00 0.68 0.30 0.34 0.62 0.98 0.75 0.51 0.25 0.39 0.28 0.24 0.36 0.82 0.42 0.82 0.13 0.93 0.42 0.44 0.36 0.99 
0.08 0.95 0.22 0.01 0.04 0.44 0.62 0.75 0.32 0.08 0.83 0.99 0.52 0.85 0.11 0.03 0.29 0.93 0.81 0.58 0.32 0.11 0.48 0.86 0.96 0.66 0.51 0.18 0.18 0.39 0.18 0.38 0.46 0.82 0.86 0.44 0.62 0.09 0.54 0.53 0.85 0.10 0.56 0.13 0.60 0.12 0.14 0.70 0.57 0.06 0.22 0.76 0.98 0.09 0.72 0.79 0.92 0.74 0.14 0.54 0.46 0.66 0.99 0.67 0.29 0.70 0.39 0.20 0.24 0.46 0.38 0.35 0.37 0.97 0.11 0.84 0.35 0.61 0.77 0.78 0.08 0.41 0.55 0.18 0.26 0.36 0.61 0.25 0.64 0.98 0.31 0.08 0.15 0.06 0.33 0.97 0.16 0.80 0.43 0.16 
0.17 0.12 0.66 0.19 0.45 0.74 0.28 0.57 0.96 0.17 0.36 0.92 0.93 0.61 0.24 0.24 0.24 0.76 0.38 0.15 0.51 0.09 0.71 0.79 0.68 0.40 0.47 0.51 0.11 0.44 0.28 0.85 0.96 0.35 0.93 0.55 0.50 0.23 0.66 0.98 0.60 0.34 0.74 0.20 0.11 0.74 0.63 0.85 0.02 0.58 0.81 0.94 0.90 0.51 0.46 0.23 0.89 0.32 0.45 0.34 0.82 0.71 0.53 0.19 0.40 0.06 0.67 0.88 0.19 0.88 0.70 0.58 0.98 0.25 0.73 0.43 0.12 0.52 0.60 0.53 0.88 0.88 0.95 0.34 0.80 0.65 0.46 0.62 0.47 0.17 0.46 0.26 0.77 0.51 0.94 0.20 0.02 0.52 0.28 0.36 
0.17 0.56 0.91 0.85 0.81 0.34 0.64 0.77 0.97 0.37 0.33 0.62 0.39 0.53 0.07 0.57 1.00 0.85 0.46 0.08 0.79 0.26 0.60 0.69 0.01 0.53 0.21 0.56 0.34 0.62 0.35 0.61 0.56 0.81 0.39 0.71 0.75 0.48 0.58 0.44 0.55 0.89 0.22 0.95 0.22 0.59 0.87 0.73 0.34 0.30 0.13 0.55 0.39 0.28 0.36 0.71 0.01 0.42 0.83 0.41 0.90 0.60 0.43 0.62 0.48 0.96 0.43 0.09 0.74 0.98 0.86 0.44 0.40 0.40 0.77 0.02 0.28 0.99 0.64 0.93 0.30 0.89 0.45 0.78 0.43 0.46 0.01 0.53 0.89 0.97 0.46 0.39 1.00 0.62 0.77 0.05 0.30 0.20 0.33 0.41 
0.43 0.12 0.36 0.01 0.46 0.63 0.22 0.52 0.63 0.79 0.80 0.49 0.00 0.45 0.04 0.46 0.08 0.87 0.93 0.79 0.16 0.38 0.59 0.39 0.02 0.39 0.96 0.24 0.71 0.69 0.23 0.59 0.89 0.38 0.33 0.72 0.63 0.71 0.85 0.11 0.01 0.73 0.50 0.11 0.31 0.03 0.36 0.33 0.68 0.83 0.64 0.22 0.28 0.26 0.37 0.04 0.95 0.58 0.29 0.20 0.27 0.86 0.14 0.31 0.57 0.23 0.83 0.36 0.15 0.24 0.85 0.91 0.12 0.74 0.02 0.11 0.87 0.92 0.12 0.80 0.50 0.59 0.62 0.38 0.65 0.13 0.51 0.43 0.64 0.41 0.74 0.64 0.23 0.53 0.45 0.56 0.72 0.32 0.24 0.37 
0.22 0.88 0.67 0.36 0.71 0.66 0.34 0.37 0.84 0.15 0.50 0.61 0.84 0.61 0.08 0.86 0.44 0.85 0.45 0.21 0.54 0.06 0.74 0.67 0.91 0.10 0.89 0.44 0.96 0.37 0.02 0.77 0.37 0.94 0.15 0.95 0.00 0.57 0.77 0.33 0.97 0.55 0.37 0.64 0.57 0.90 0.67 0.38 0.06 0.64 0.28 0.62 0.96 0.17 0.22 0.25 0.17 0.79 0.11 0.65 0.83 0.77 0.02 0.60 0.98 0.72 0.99 0.72 0.71 0.39 0.02 0.32 0.61 0.92 0.78 0.18 0.23 0.10 0.65 0.91 0.53 0.82 0.96 0.29 0.73 0.60 0.68 0.50 0.35 0.75 0.44 0.21 0.59 0.31 0.31 0.52 0.80 0.84 0.61 0.85 
0.53 0.23 0.05 0.18 0.45 0.51 0.50 0.85 0.37 0.42 0.92 0.60 0.07 0.89 0.94 0.78 0.16 0.65 0.36 0.79 0.08 0.24 0.07 0.79 0.11 0.12 0.50 0.63 0.41 0.18 0.67 0.19 0.72 0.34 0.99 0.71 0.73 0.33 0.08 0.64 0.56 0.60 0.08 0.95 0.51 0.75 0.46 0.47 0.71 0.18 0.55 0.40 0.65 0.04 0.10 0.19 0.55 0.66 0.06 0.69 0.10 0.28 0.84 0.45 0.23 0.20 0.81 0.24 0.29 0.38 0.94 0.70 0.27 0.46 0.95 0.27 0.48 0.96 0.15 0.34 0.12 0.63 0.41 0.46 0.80 0.60 0.54 0.92 0.29 0.05 0.11 0.35 0.18 0.35 0.01 0.20 0.29 0.63 0.34 0.76 
0.23 0.82 0.66 0.87 0.82 0.70 0.71 0.39 0.76 0.95 0.40 0.88 0.29 0.75 0.48 0.14 0.17 0.99 0.08 0.93 0.82 0.89 0.57 0.33 0.80 0.54 0.40 0.46 0.71 0.55 0.95 0.89 0.25 0.23 0.36 0.96 0.71 0.21 0.89 0.23 0.46 0.70 0.80 0.01 0.87 0.30 0.69 0.06 0.21 1.00 0.23 0.78 0.69 0.28 0.10 0.81 0.18 0.94 0.83 0.42 0.71 0.02 0.08 0.98 0.92 0.99 0.72 0.67 0.43 0.01 0.95 0.62 0.68 0.96 0.07 0.61 0.04 0.91 0.85 0.58 0.27 0.32 0.93 0.02 0.25 0.49 0.98 0.30 0.03 0.74 0.21 0.93 0.99 0.72 0.03 0.58 0.66 0.61 0.80 0.70 
0.54 0.37 0.69 0.41 0.04 0.08 0.39 0.04 0.94 0.18 0.12 0.44 0.59 0.01 0.35 0.47 0.49 0.56 0.80 0.59 0.26 0.37 0.05 0.85 0.47 0.45 0.81 0.72 0.25 0.60 0.61 0.08 0.06 0.11 0.86 0.40 0.29 0.75 0.35 0.21 0.46 0.09 0.23 0.46 0.63 0.34 0.18 0.63 0.01 0.74 0.62 0.40 0.48 0.91 0.26 0.54 0.38 0.91 0.27 0.35 0.05 0.27 0.05 0.12 0.17 0.31 0.22 0.29 0.90 0.54 0.27 0.49 0.15 0.44 0.06 0.37 0.11 0.81 0.77 0.96 0.29 0.32 0.11 0.17 0.65 0.19 0.24 0.18 0.48 0.03 0.16 0.13 0.57 0.90 0.61 0.32 0.67 0.94 0.46 0.77 
0.34 0.63 0.70 0.27 0.77 0.59 0.32 0.49 0.37 0.91 0.32 0.38 0.47 0.18 0.81 0.90 0.48 0.72 0.53 0.93 0.49 0.66 0.06 0.79 0.01 0.08 0.94 0.04 0.96 0.18 0.24 0.08 0.43 0.85 0.76 0.21 0.86 0.00 0.90 0.75 0.23 0.56 0.52 0.46 0.13 0.17 0.82 0.58 0.33 0.72 0.92 0.55 0.98 0.34 0.78 0.63 0.48 0.29 0.86 0.04 0.55 0.63 0.53 0.57 0.44 0.74 0.14 0.16 0.64 0.77 0.46 0.11 0.18 0.31 0.51 0.11 0.36 0.11 0.28 0.06 0.85 0.99 0.59 0.11 0.39 0.39 0.74 0.53 0.54 0.52 0.38 0.96 0.11 0.10 0.49 0.04 0.38 0.02 0.08 0.51 
0.07 0.02 0.38 0.02 0.04 0.07 0.90 0.32 0.15 0.89 0.69 0.14 0.02 0.36 0.37 0.07 0.77 0.43 0.13 0.38 0.91 0.09 0.77 0.24 0.75 0.10 1.00 0.75 0.70 0.12 0.67 0.11 0.57 0.91 0.42 0.66 0.90 0.54 0.71 0.57 0.11 0.16 0.63 0.50 0.06 0.56 0.13 0.88 0.64 0.67 0.43 0.23 0.80 0.12 0.78 0.82 0.34 0.02 0.28 0.21 0.89 0.40 0.66 0.58 0.45 0.75 0.04 0.85 0.08 0.62 0.28 0.69 0.03 0.91 0.77 0.75 0.77 0.65 0.19 0.69 0.97 0.58 0.37 0.72 0.45 0.79 0.75 0.81 0.46 0.95 0.08 0.25 0.97 0.40 0.64 0.94 0.24 0.60 0.40 0.51 
0.81 0.56 0.36 0.73 0.17 0.32 0.19 0.40 0.89 0.11 0.24 0.95 0.98 0.04 0.53 0.42 0.35 0.96 0.37 0.96 0.48 0.13 0.77 0.62 0.90 0.20 0.04 0.70 0.43 0.62 0.87 0.84 0.52 0.43 0.31 0.20 0.07 0.92 0.25 0.83 0.86 0.54 0.25 0.60 0.41 0.47 0.97 0.73 0.69 0.98 0.64 0.64 0.51 0.25 0.25 0.43 0.33 0.96 0.30 0.50 0.24 0.42 0.04 0.96 0.29 0.81 0.37 0.65 0.48 0.72 0.54 0.74 0.96 0.18 0.56 0.47 0.26 0.36 0.25 0.34 0.25 0.98 0.05 0.14 0.95 0.18 0.80 0.22 0.46 0.66 0.99 0.97 0.95 0.30 0.32 0.61 0.77 0.45 0.96 0.97 
0.41 0.59 0.09 0.82 0.45 0.44 0.17 0.23 0.93 0.64 0.34 0.83 0.09 0.95 0.22 0.90 0.65 0.13 0.36 0.70 0.79 0.39 0.41 0.99 0.57 0.24 0.31 0.86 0.46 0.39 0.03 0.48 0.08 0.02 0.77 0.66 0.92 0.93 0.60 0.65 0.04 0.56 0.49 0.81 0.05 0.51 0.64 0.89 0.29 0.09 0.99 0.74 0.17 0.46 0.57 0.95 0.53 0.55 0.87 0.21 0.62 0.62 0.72 0.70 0.04 0.04 0.28 0.40 0.15 0.43 0.18 0.95 0.80 0.14 0.19 0.64 0.72 0.05 0.47 0.95 0.62 0.30 0.66 0.46 0.76 0.16 0.33 0.53 0.87 0.89 0.31 0.15 0.63 0.59 0.67 0.05 0.20 0.27 0.74 0.06 
0.91 0.91 0.57 0.30 0.06 0.64 0.91 0.25 0.54 0.33 0.16 0.75 0.64 0.49 0.03 0.37 0.15 0.28 0.76 0.34 0.11 0.36 0.32 0.63 0.72 0.08 0.97 0.61 0.93 0.19 0.50 0.29 0.01 0.48 0.94 0.50 0.22 0.62 0.44 0.11 0.47 0.89 0.23 0.47 0.66 0.27 0.73 0.98 0.56 0.46 0.35 0.15 0.05 0.91 0.66 0.78 0.87 0.15 0.31 0.60 0.10 0.89 0.59 0.72 0.82 0.27 0.14 0.45 0.02 0.22 0.58 0.60 0.13 0.21 0.04 0.33 0.26 0.37 0.77 0.49 0.77 0.42 0.39 0.47 0.62 0.43 0.10 0.31 0.59 0.56 0.06 0.63 0.44 0.52 0.95 0.82 0.19 0.44 0.98 0.47 
0.65 0.33 0.38 0.55 0.57 0.02 0.95 0.63 0.13 0.39 0.48 0.12 0.90 0.54 0.71 0.31 0.72 0.82 0.47 0.27 0.03 0.72 0.81 0.03 0.35 0.70 0.75 0.74 0.87 0.33 0.95 0.31 0.79 0.67 0.59 0.47 0.84 0.13 0.08 0.32 0.52 0.64 0.95 0.24 0.25 0.09 0.22 0.71 0.70 0.90 0.25 0.46 0.00 0.40 0.77 0.88 0.05 0.41 0.70 0.01 0.44 0.54 0.44 0.10 0.65 0.53 0.45 0.23 0.80 0.54 0.30 0.25 0.43 0.32 0.22 0.26 0.98 0.57 0.30 0.80 0.02 0.44 0.12 0.59 0.44 0.76 0.79 0.32 0.59 0.90 0.50 0.61 0.68 0.36 0.87 0.31 0.10 0.04 0.49 0.98 
0.62 0.80 0.52 0.03 0.32 0.65 0.82 0.23 1.00 0.36 0.29 0.94 0.16 0.57 0.67 0.99 0.04 0.49 0.72 0.99 0.97 0.14 0.96 0.64 0.91 0.45 0.80 0.88 0.97 0.06 0.08 0.13 0.63 0.21 0.93 0.88 0.01 0.41 0.95 0.19 0.39 0.06 0.58 0.70 0.87 0.48 0.83 0.53 0.80 0.78 0.31 0.66 0.32 0.77 0.17 0.35 0.47 0.66 0.68 0.67 0.72 0.00 0.77 0.98 0.10 0.52 0.57 0.80 0.88 0.07 0.03 0.15 0.79 0.34 0.06 0.74 0.54 0.19 0.62 0.58 0.59 0.40 0.33 0.25 0.27 0.45 0.84 0.38 0.69 0.94 0.02 0.44 0.39 0.94 0.73 0.77 0.28 0.10 0.99 0.41 
0.42 0.45 0.11 0.07 0.31 0.35 0.98 0.22 0.61 0.95 0.65 0.46 0.50 0.58 0.30 0.23 0.10 0.28 0.51 0.51 0.11 0.05 0.18 0.46 0.52 0.50 0.61 0.91 0.17 0.64 0.09 0.96 0.78 0.39 0.84 0.16 0.48 0.45 0.68 0.82 0.48 0.64 0.84 0.62 0.52 0.68 0.30 0.22 0.81 0.92 1.00 0.80 0.93 0.42 0.46 0.81 0.14 0.38 0.31 0.86 0.94 0.70 0.85 0.96 0.05 0.92 0.61 0.05 0.63 0.85 0.49 0.24 0.29 0.13 0.02 0.96 0.09 0.94 0.08 0.12 0.22 0.20 0.31 0.17 0.65 0.61 0.09 0.48 0.52 0.74 0.08 0.29 0.34 0.25 0.59 0.54 0.82 0.11 0.71 0.54 
0.77 0.99 0.19 0.05 0.13 0.55 0.90 0.13 0.28 0.56 0.20 0.01 0.19 0.15 0.30 0.56 0.86 0.51 0.97 0.03 0.66 0.67 0.23 0.17 0.91 0.33 0.25 0.74 0.38 0.29 0.69 0.53 0.27 0.26 0.23 0.21 0.52 0.79 0.30 0.68 0.45 0.89 0.05 0.63 0.07 0.78 0.70 0.84 0.82 0.69 0.80 0.03 0.37 0.91 0.36 0.75 0.00 0.44 0.91 0.39 0.58 0.33 0.18 0.83 0.61 0.13 0.69 0.99 0.86 0.29 0.64 0.67 0.89 0.11 0.68 0.12 0.01 0.67 0.96 0.33 0.89 0.26 0.78 0.80 0.76 0.22 0.16 0.93 0.58 0.29 0.65 0.67 0.79 0.98 0.55 0.47 0.01 0.01 0.77 0.91 
0.20 0.46 0.67 0.82 0.65 0.35 0.06 0.38 0.25 0.76 0.65 0.01 0.49 0.35 0.48 0.34 0.88 0.16 0.61 0.39 0.17 0.91 0.95 0.07 0.24 0.60 0.35 0.19 0.01 0.29 0.36 0.63 0.93 0.81 0.76 0.02 0.29 0.11 0.91 0.29 0.15 0.89 0.23 0.47 0.45 0.72 0.42 0.34 0.07 0.60 0.53 0.31 0.53 0.66 0.67 0.66 0.71 0.05 0.26 0.11 0.52 0.80 0.20 0.79 0.86 0.87 0.82 0.65 0.39 0.02 0.53 0.70 0.24 0.50 0.57 0.64 0.22 0.94 0.06 0.92 0.92 0.16 0.12 0.07 0.50 0.21 0.24 0.30 0.83 0.02 0.21 0.34 0.58 0.27 0.99 0.15 0.48 0.01 0.89 0.09 
0.81 0.10 0.30 0.61 0.51 0.02 0.02 0.47 0.69 0.85 0.94 0.99 0.83 0.50 0.03 1.00 0.33 0.00 0.91 0.74 0.40 0.91 0.65 0.35 0.01 0.79 0.65 0.77 0.86 0.66 0.98 0.60 0.48 0.58 0.61 0.55 0.69 0.59 0.06 0.97 0.07 0.42 0.90 0.97 0.22 0.72 0.10 0.27 0.55 0.21 0.06 0.76 0.82 0.64 0.62 0.88 0.28 1.00 0.04 0.59 0.62 0.11 0.26 0.05 0.35 0.80 0.21 0.73 0.38 0.24 0.47 0.47 0.11 0.59 0.38 0.95 0.17 0.09 0.44 0.67 0.74 0.55 0.09 0.89 0.45 0.24 0.61 0.43 0.77 0.42 0.19 0.67 0.11 0.98 0.77 0.97 0.71 0.06 1.00 0.58 
0.24 0.66 0.95 0.20 0.83 0.94 0.44 0.98 0.76 0.11 0.23 0.93 0.00 0.09 0.29 0.94 0.39 0.16 0.98 0.69 0.01 0.51 0.34 0.83 0.33 0.77 0.65 0.56 0.48 0.66 0.08 0.74 0.23 0.84 0.42 0.79 0.95 0.14 0.18 0.66 0.24 0.79 0.58 0.59 0.49 0.47 0.93 0.92 0.65 0.36 0.88 0.09 0.09 0.33 0.19 0.59 0.74 0.45 0.21 0.91 0.02 0.12 0.09 0.15 0.17 0.94 0.37 0.49 0.18 0.15 0.60 0.87 0.35 0.05 0.61 0.07 0.22 0.46 0.04 0.85 0.55 0.59 0.71 0.28 0.21 0.96 0.08 0.50 0.33 0.72 0.90 0.06 0.68 0.51 0.41 0.05 0.76 0.42 0.36 0.26 
0.87 0.88 0.30 0.40 0.59 0.62 0.69 0.83 0.79 0.22 0.37 0.47 0.25 0.59 1.00 0.93 0.32 0.44 0.17 0.23 0.32 0.67 0.27 0.92 0.00 0.90 0.28 0.85 0.93 0.01 0.69 0.44 0.88 0.04 0.72 0.61 0.31 0.74 0.59 0.49 0.38 0.37 0.68 0.78 0.80 0.45 0.73 0.01 0.77 0.20 0.25 0.48 0.45 0.82 0.42 0.97 0.90 0.21 0.45 0.86 0.73 0.88 0.30 0.19 0.69 0.27 0.39 0.14 0.55 0.64 0.30 0.81 0.31 0.03 0.02 0.94 0.13 0.66 0.17 0.17 0.57 0.59 0.80 0.28 0.51 0.89 0.46 0.16 0.69 0.07 0.92 0.18 0.94 0.79 0.98 0.02 0.57 0.12 0.52 0.29 
0.83 0.17 0.44 0.44 0.89 0.22 0.27 0.37 0.01 0.59 0.63 0.18 0.44 0.51 0.47 0.20 0.44 0.28 0.18 0.24 0.67 0.44 0.88 0.56 0.73 0.66 0.45 0.28 0.58 0.32 0.77 0.76 0.12 0.81 0.56 0.41 0.06 0.73 0.11 0.52 0.72 0.17 0.54 0.82 0.77 0.94 0.44 0.22 0.28 0.71 0.20 0.32 0.49 0.52 0.02 0.44 0.24 0.37 0.93 0.14 0.37 0.84 0.86 0.72 0.63 0.88 0.03 0.02 0.61 0.83 0.76 0.33 0.74 0.86 0.74 0.79 0.30 0.39 0.81 0.77 0.99 0.21 0.11 0.31 0.88 0.87 0.36 0.95 0.75 0.99 0.09 0.30 0.52 0.18 0.85 0.64 0.40 0.50 0.98 0.46 
0.27 0.33 0.46 0.73 0.96 0.35 0.37 0.61 0.76 0.26 0.31 0.33 0.31 0.64 0.41 0.45 0.37 0.96 0.32 0.77 0.47 0.82 0.57 0.40 0.44 0.51 0.39 0.09 0.54 0.36 0.89 0.08 0.21 0.34 0.56 0.92 0.49 0.70 0.39 0.65 0.20 0.38 0.92 0.37 0.46 0.50 0.84 0.13 0.84 0.89 0.87 0.19 0.49 0.80 0.60 0.71 0.66 0.45 0.36 0.59 0.24 0.14 0.16 0.89 0.17 0.63 0.44 0.88 0.56 0.34 0.01 0.53 0.62 0.52 0.56 0.46 0.85 0.84 0.40 0.12 0.66 0.90 0.32 0.52 0.37 0.08 0.13 0.42 0.10 0.73 0.85 0.06 0.75 0.52 0.97 0.21 0.45 0.18 0.55 0.77 
0.76 0.84 0.28 0.31 0.94 0.11 0.51 0.86 0.22 0.95 0.40 0.60 0.14 0.44 0.96 0.00 0.04 0.93 0.32 0.61 0.19 0.96 0.77 0.06 0.37 0.29 0.68 0.89 0.53 0.15 0.08 0.79 0.20 0.49 0.77 0.86 0.02 0.77 0.48 0.87 0.77 0.67 0.97 0.47 0.64 0.69 0.32 0.08 0.60 0.11 1.00 0.16 0.79 0.94 0.56 0.55 0.14 0.54 0.24 0.94 0.54 0.90 0.26 0.84 0.68 0.74 0.33 0.99 0.51 0.87 0.32 0.28 0.59 0.83 0.97 0.37 0.05 0.71 0.21 0.29 0.92 0.05 0.80 0.69 0.30 0.25 0.35 0.92 0.85 0.17 0.86 0.38 0.85 0.46 0.41 0.65 0.98 0.58 0.50 0.61 
0.12 0.81 0.12 0.10 0.69 0.58 0.53 0.63 0.68 0.27 0.73 0.36 0.90 0.06 0.39 0.83 0.96 0.76 0.47 0.50 0.42 0.41 0.16 0.35 0.89 0.64 0.46 0.18 0.78 0.50 0.07 0.71 0.07 0.90 0.56 0.20 0.48 0.25 0.37 0.05 0.37 0.21 0.62 0.26 0.83 0.78 0.22 0.74 0.68 0.62 0.47 0.91 0.54 0.13 0.35 0.99 0.50 0.27 0.49 0.82 0.57 0.37 0.36 0.79 0.03 0.04 0.60 0.82 0.52 0.95 0.22 0.81 0.60 0.87 0.46 0.10 0.30 0.34 0.98 0.08 0.53 0.50 0.80 0.14 0.02 0.74 0.40 0.34 0.49 0.12 0.48 0.86 0.43 0.71 0.32 0.78 0.73 0.00 0.46 0.75 
0.42 0.87 0.97 0.26 0.26 0.43 0.96 0.85 0.71 0.11 0.97 0.82 0.01 0.36 0.52 0.37 0.45 0.74 0.37 0.57 0.26 0.86 0.90 0.85 0.93 0.78 0.30 0.39 0.91 0.74 0.73 0.15 0.80 0.86 0.93 0.21 0.39 0.39 0.37 0.09 0.67 0.93 0.65 0.42 0.07 0.12 0.46 0.94 0.26 0.27 0.26 0.52 0.31 0.60 0.95 0.79 0.51 0.93 0.53 0.82 0.12 0.85 0.99 0.63 0.41 0.22 0.71 0.03 0.76 0.85 0.09 0.36 0.52 0.86 0.31 0.06 0.14 0.82 0.69 0.86 0.89 0.90 0.55 0.99 0.46 0.60 0.88 0.88 0.57 0.42 0.15 0.16 0.45 0.19 0.42 0.05 0.27 0.29 0.67 0.13 
0.06 0.40 0.34 0.63 0.01 0.33 0.88 0.02 0.69 0.24 0.99 0.94 0.78 0.97 0.83 0.67 0.10 0.74 0.91 0.63 0.90 0.97 0.58 0.39 0.79 0.55 0.89 0.34 0.92 0.19 0.01 0.36 0.46 0.55 0.71 0.85 0.73 0.98 0.21 0.43 0.82 0.01 0.53 0.44 0.36 0.49 0.77 0.24 0.43 0.67 0.64 0.40 0.42 0.25 0.32 0.32 0.85 0.56 0.93 0.38 0.36 0.82 0.27 0.24 0.94 0.65 0.90 0.06 0.06 0.33 0.02 0.74 0.08 0.23 0.30 0.08 0.03 0.55 0.91 0.27 0.04 0.87 0.41 0.72 0.97 0.85 0.50 0.46 0.23 0.77 0.68 0.35 0.59 0.07 0.03 0.23 0.54 0.89 0.83 0.16 
0.71 0.33 0.38 0.80 0.46 0.96 0.93 0.28 0.61 0.93 0.62 0.45 0.43 0.73 0.90 0.29 0.90 0.20 0.99 0.80 0.91 0.42 0.11 0.22 0.73 0.47 0.33 0.25 0.40 0.25 0.71 0.53 0.17 0.33 0.92 0.57 0.06 0.57 0.93 0.20 0.32 0.82 0.20 0.11 0.12 0.50 0.66 0.33 0.89 0.51 0.46 0.91 0.47 0.92 0.57 0.30 0.57 0.95 0.35 0.68 0.58 0.99 0.12 0.38 0.35 0.21 0.36 0.61 0.47 0.39 0.16 0.94 0.12 0.49 0.23 0.48 0.83 0.53 0.21 0.89 0.41 0.57 0.63 0.29 0.79 0.95 0.46 0.46 0.96 0.45 0.77 0.96 0.83 0.03 0.55 0.45 0.03 0.36 0.09 0.33 
0.26 0.53 0.16 0.61 0.37 0.21 0.68 0.60 0.59 0.00 0.85 0.29 0.37 0.23 0.24 0.53 0.39 0.24 0.00 0.57 0.90 0.27 0.22 0.51 0.66 0.09 0.78 0.90 0.17 0.65 0.64 0.86 0.02 0.87 0.44 0.69 0.88 0.20 0.22 0.35 0.10 0.73 0.15 0.13 0.43 0.13 0.29 0.11 0.62 0.37 0.94 0.47 0.42 0.98 0.50 0.91 0.68 0.91 0.35 0.67 0.50 0.88 0.12 0.77 0.67 0.68 0.22 0.01 0.64 0.12 0.45 0.89 0.79 0.13 0.15 1.00 0.48 0.70 0.77 0.83 0.22 0.59 0.22 0.78 0.32 0.22 0.15 0.74 0.60 0.31 0.08 0.02 0.23 0.51 0.98 0.42 0.55 0.75 0.87 0.30 
0.03 0.49 0.81 0.05 0.07 0.39 0.92 0.56 0.22 0.49 0.17 0.38 0.09 0.05 0.77 0.79 0.22 0.09 0.00 1.00 0.18 0.71 0.15 0.41 0.71 0.56 0.16 0.32 0.43 0.84 0.25 0.39 0.34 0.91 0.51 0.75 0.19 0.87 0.74 0.11 0.79 0.11 0.52 0.73 0.40 0.69 0.47 0.38 0.67 0.82 0.70 0.80 0.97 0.84 0.36 0.45 0.15 0.19 0.31 0.25 0.49 0.92 0.80 0.50 0.98 0.46 0.40 0.02 0.62 0.08 0.45 0.95 0.92 0.81 0.54 0.17 0.75 0.35 0.92 0.97 0.02 0.77 0.27 0.43 0.15 0.94 0.04 0.71 0.01 0.62 0.56 0.69 0.20 0.35 0.16 0.68 0.76 0.10 0.44 0.62 
0.54 0.79 0.14 0.74 0.27 0.07 0.51 0.25 0.65 0.27 0.45 0.77 0.31 0.23 0.86 0.95 0.06 0.75 0.59 0.21 0.81 0.31 0.02 0.80 0.07 0.32 0.22 0.98 0.36 0.11 0.36 0.73 0.05 0.49 0.38 0.61 0.21 0.07 0.71 0.15 0.33 0.67 0.79 0.14 0.46 0.27 0.57 0.04 0.77 0.46 0.51 0.82 0.34 0.72 0.01 0.09 0.36 0.85 0.16 0.15 0.20 0.73 0.96 0.30 0.97 0.04 0.41 0.40 0.44 0.28 0.91 0.95 0.19 0.28 0.67 0.37 0.45 0.42 0.58 0.26 0.58 0.45 0.23 0.88 0.67 0.29 0.30 0.21 0.80 0.51 0.44 0.61 0.20 0.28 0.75 0.35 0.32 0.75 0.57 0.04 
0.17 0.88 0.52 0.59 0.08 0.33 0.58 0.13 0.87 0.86 0.57 0.27 0.95 0.24 0.63 0.41 0.22 0.70 0.73 0.12 0.57 0.52 0.31 0.40 0.26 0.30 0.63 0.26 0.92 0.48 0.48 0.90 0.84 0.69 0.14 0.60 0.50 0.43 0.24 0.23 0.36 0.00 0.63 0.50 0.29 0.41 0.50 0.67 0.19 0.42 0.30 0.08 0.93 0.31 0.00 0.75 0.82 0.70 0.18 0.85 0.29 0.65 0.59 1.00 0.39 0.45 0.77 0.08 0.56 0.50 0.22 0.31 0.55 0.12 0.85 0.16 0.55 0.58 0.33 0.13 0.60 0.31 0.44 0.95 0.13 0.05 0.02 0.58 0.40 0.25 0.27 0.73 0.99 0.43 0.27 0.68 1.00 0.98 0.49 0.66 
0.98 0.79 0.80 0.21 0.07 0.44 0.34 0.96 0.25 0.54 0.35 0.99 0.69 0.42 0.84 0.30 0.84 0.79 0.50 0.28 0.20 0.08 0.03 0.06 0.96 0.51 0.64 1.00 0.06 0.68 0.29 0.43 0.80 0.63 0.44 0.16 0.62 0.32 0.17 0.07 0.57 0.21 0.88 0.81 0.73 0.30 0.24 0.16 0.95 0.74 0.39 0.63 0.01 0.14 0.50 0.72 0.65 0.51 0.26 0.37 0.73 0.15 0.70 0.35 0.45 0.15 0.44 0.66 0.48 0.80 0.75 0.54 0.89 0.09 0.20 0.15 0.26 0.09 0.87 0.49 0.31 0.84 0.66 0.11 0.24 0.03 0.51 0.88 0.71 0.96 0.87 0.39 1.00 0.34 0.06 0.22 0.53 0.01 0.70 0.66 
0.53 0.32 0.04 0.52 0.92 0.21 0.77 0.03 0.80 0.60 0.58 0.86 0.38 0.51 0.94 0.43 0.80 0.04 0.10 0.37 0.36 0.22 0.64 0.32 0.16 0.09 0.35 0.77 0.58 0.61 0.70 0.80 0.38 0.78 0.30 0.52 0.21 0.53 0.11 0.15 0.13 0.39 0.19 0.60 0.35 0.22 0.19 0.04 0.52 0.76 0.08 0.97 0.21 0.51 0.25 0.52 0.06 0.27 0.53 0.62 0.78 0.25 0.01 0.18 0.79 0.45 0.47 0.58 0.65 0.52 0.23 0.31 0.49 0.90 0.88 0.77 0.50 0.91 0.88 0.36 0.51 0.69 0.34 0.37 0.15 0.58 0.82 0.98 0.56 0.77 0.11 0.19 0.19 0.46 0.94 0.52 0.64 0.10 0.27 0.22 
0.15 0.50 0.43 0.64 0.94 0.73 0.59 0.58 0.76 0.45 0.32 0.78 0.18 0.91 0.47 0.08 0.91 0.36 0.43 0.55 0.36 0.12 0.10 0.58 0.38 0.52 0.26 0.11 0.83 0.97 0.62 0.73 0.35 0.08 0.02 0.42 0.17 0.73 0.54 0.20 0.36 0.16 0.48 0.92 0.46 0.63 0.15 0.35 0.05 0.16 0.66 0.04 0.51 0.09 0.24 0.72 0.80 0.12 0.17 0.51 0.83 0.45 0.19 0.03 0.95 0.72 0.84 0.74 0.63 0.27 0.23 0.21 0.14 0.82 0.02 0.53 0.01 0.30 0.99 0.07 0.29 0.87 0.28 0.07 0.12 0.06 0.23 0.61 0.72 0.68 0.41 0.40 0.29 0.75 0.75 0.56 0.69 0.53 0.81 0.82 
0.23 0.86 0.64 0.53 0.51 0.56 0.95 0.50 0.22 0.40 0.65 0.38 0.63 0.52 0.97 0.01 0.37 0.15 0.68 0.03 0.19 0.35 0.57 0.08 0.38 0.83 0.52 0.90 0.31 0.74 0.36 0.51 0.42 0.99 0.24 0.24 0.27 0.02 0.56 0.89 0.99 0.21 0.71 0.98 0.56 0.37 0.99 0.72 0.34 0.50 0.05 0.73 0.41 0.52 0.19 0.96 0.79 0.13 0.32 0.54 0.92 0.08 0.50 0.61 0.55 0.48 0.66 0.81 0.18 0.06 0.70 0.14 0.61 0.51 0.21 0.60 0.45 0.50 0.15 0.85 0.07 0.11 0.26 0.04 0.35 0.99 0.46 0.98 0.10 0.76 0.53 0.26 0.45 0.77 0.28 0.01 0.11 0.09 0.14 0.24 
0.51 0.37 0.30 0.83 0.98 0.87 0.42 0.93 0.12 0.90 0.80 0.20 0.97 0.82 0.10 0.06 0.56 0.20 0.14 0.05 0.85 0.38 0.96 0.87 0.02 0.34 0.63 0.14 0.01 0.48 0.30 0.43 0.13 0.62 0.16 0.81 0.55 0.05 0.53 0.25 0.39 0.37 0.90 0.94 0.77 0.66 0.84 0.49 0.92 0.25 0.60 0.99 0.38 0.62 0.63 0.60 0.16 0.98 0.60 0.98 0.86 0.12 0.46 0.72 0.20 0.90 0.81 0.49 0.49 0.32 0.07 0.94 0.84 0.55 0.79 0.42 0.95 0.36 0.52 0.27 0.58 0.48 0.24 0.19 0.78 0.11 0.97 0.87 0.82 0.24 0.82 0.33 0.03 0.12 0.83 0.40 0.58 0.21 0.80 0.93 
0.42 0.28 0.23 0.75 0.78 0.43 0.76 1.00 0.22 0.73 0.32 0.96 0.80 0.37 0.60 0.22 0.25 0.06 0.84 0.74 0.58 0.56 0.67 0.25 0.07 0.33 0.68 0.49 0.11 0.35 0.61 0.45 0.51 0.09 0.47 0.68 0.91 0.59 0.93 0.03 0.43 0.27 0.52 0.95 0.27 0.91 0.42 0.66 0.07 0.86 0.16 0.84 0.19 0.53 0.02 0.26 0.07 0.03 0.15 0.99 0.96 0.60 0.69 0.37 0.96 0.85 0.87 0.66 0.50 0.26 0.25 0.53 0.63 0.86 0.02 0.90 0.52 0.51 0.82 0.74 0.05 0.49 0.25 0.58 0.48 0.06 0.84 0.91 0.67 0.87 0.51 0.53 0.14 0.72 0.36 0.04 0.47 0.61 0.00 0.31 
0.53 0.97 0.85 0.60 0.44 0.26 0.73 0.08 0.76 0.33 0.52 0.94 0.94 0.83 0.67 0.45 0.24 0.36 0.66 0.20 0.96 0.73 0.09 0.21 0.38 0.81 0.60 0.40 0.09 0.12 0.28 0.57 0.43 0.08 0.42 0.71 0.78 0.95 0.60 0.11 0.65 0.91 0.92 0.47 0.06 0.10 0.96 0.19 0.12 0.26 0.16 0.16 0.98 0.86 0.23 0.34 0.40 0.43 0.63 0.61 0.90 0.37 0.65 0.83 0.96 0.14 0.87 0.46 0.77 0.18 0.75 0.03 0.87 0.03 0.85 0.91 0.07 0.79 0.73 0.29 0.54 0.07 0.11 0.95 0.40 0.31 0.81 0.85 0.21 0.02 0.92 0.67 0.93 0.49 0.40 0.47 0.49 0.52 0.01 0.64 
0.05 0.61 0.64 0.05 0.97 0.94 0.42 0.08 0.11 0.22 0.66 0.05 0.16 0.52 0.93 0.83 0.54 0.21 0.96 0.38 0.21 0.01 0.12 0.61 0.24 0.45 0.37 0.24 0.39 0.42 0.44 0.22 0.36 0.45 0.24 0.94 0.49 0.92 0.31 0.77 0.31 0.97 0.69 0.41 0.55 0.54 0.41 0.08 0.80 0.54 0.97 0.16 0.29 0.86 0.03 0.92 0.57 0.37 0.52 0.67 0.57 0.07 0.23 0.43 0.08 0.81 0.61 0.59 0.89 0.30 0.66 0.82 0.11 0.13 0.36 0.09 0.07 0.64 0.26 0.95 0.52 0.59 0.88 0.07 0.14 0.32 0.53 0.97 0.51 0.94 0.54 0.33 0.26 0.87 0.70 0.99 0.59 0.29 0.80 0.37 
0.50 0.48 0.04 0.41 0.58 0.95 0.04 0.13 0.30 0.97 0.56 0.11 0.33 0.40 0.79 0.80 0.20 0.96 0.29 0.34 0.40 0.05 0.93 0.75 0.46 0.48 0.63 0.49 0.13 0.31 0.76 0.35 0.80 0.08 0.65 0.74 0.02 0.94 0.03 0.48 0.81 0.37 0.50 0.50 0.85 0.73 0.18 0.51 0.91 0.66 0.97 0.62 0.57 0.92 0.30 0.50 0.55 0.27 0.32 0.51 0.35 0.79 0.39 0.69 0.09 0.61 0.05 0.04 0.68 0.99 0.39 0.08 0.87 0.33 0.87 0.22 0.99 0.07 0.20 0.84 0.36 0.02 0.19 0.46 0.13 0.74 0.92 0.37 0.41 0.51 0.57 0.50 0.77 0.96 0.20 0.40 0.73 0.41 0.31 0.91 
0.00 0.97 0.31 0.43 0.49 0.75 0.74 0.55 0.51 0.43 0.69 0.20 0.44 0.87 0.94 0.63 0.44 0.09 0.89 0.46 0.98 0.93 0.20 0.80 0.74 0.86 0.05 0.16 0.03 0.66 0.64 1.00 0.79 0.94 0.92 0.59 0.86 0.44 0.17 0.62 0.87 0.36 0.22 0.63 0.69 0.45 0.83 1.00 0.38 0.35 0.41 0.38 0.53 0.36 0.48 0.55 0.56 0.34 0.46 0.99 0.28 0.21 0.81 0.07 0.07 0.32 0.97 0.42 0.27 0.10 0.01 0.26 0.09 0.86 0.18 0.80 0.36 0.45 0.20 0.06 0.34 0.52 0.48 0.21 0.80 0.97 0.07 0.66 0.94 1.00 0.04 0.05 0.83 0.37 0.56 0.13 0.26 0.41 0.56 0.88 
0.33 0.38 0.18 0.72 0.35 0.81 0.27 0.64 0.47 0.85 0.91 0.37 0.17 0.53 0.19 0.42 0.90 0.91 0.71 0.30 0.69 0.84 0.74 0.51 0.25 0.79 0.91 0.54 0.25 0.09 0.42 0.67 0.99 0.69 0.06 0.82 0.82 0.71 0.20 0.69 0.18 0.33 0.76 0.54 0.39 0.17 0.97 0.95 0.30 0.59 0.76 0.07 0.12 0.62 0.25 0.43 0.91 0.50 0.95 0.09 0.93 0.08 0.10 0.86 0.90 0.82 0.51 0.39 0.11 0.14 0.23 0.99 0.22 0.38 0.91 0.42 0.13 0.14 0.72 0.40 0.66 0.48 0.67 0.87 0.66 0.86 0.63 0.42 0.87 0.12 0.97 0.07 0.85 0.30 0.16 0.11 0.41 0.10 0.09 0.54 
0.39 0.81 0.01 0.44 0.41 0.45 0.77 0.43 0.66 0.42 0.97 0.08 0.77 0.12 0.36 0.57 0.13 0.23 0.94 0.17 0.13 0.91 0.58 0.32 0.91 0.30 0.29 0.43 0.67 1.00 0.71 0.40 0.29 0.65 0.86 0.47 0.84 0.28 0.75 0.62 0.07 0.89 0.03 0.36 0.01 0.95 0.36 0.70 0.38 0.45 0.86 0.97 0.92 0.45 0.80 0.72 0.64 0.15 0.66 0.54 0.23 0.99 0.28 0.32 0.89 0.92 0.06 0.78 0.86 0.35 0.97 0.93 0.44 0.02 0.58 0.29 0.19 0.78 0.33 0.08 0.95 0.80 0.73 0.70 0.44 0.68 0.45 0.68 0.02 0.29 0.42 0.15 0.13 0.83 0.86 0.29 0.08 0.24 0.12 0.47 
0.17 0.59 0.24 0.94 0.09 0.75 0.94 0.96 0.40 0.10 0.28 0.95 0.27 0.11 0.80 0.91 0.74 0.86 0.78 0.77 0.99 0.08 0.94 0.70 1.00 0.33 0.39 0.04 0.86 0.99 0.27 0.26 0.05 0.54 0.23 0.32 0.10 0.52 0.98 0.74 0.95 0.67 0.74 0.69 0.00 0.56 0.95 0.97 0.66 0.66 0.83 0.56 0.64 0.75 0.87 0.71 0.92 0.10 0.01 0.64 0.01 0.98 0.30 0.16 0.38 0.29 0.66 0.56 0.45 0.72 0.01 0.45 0.25 0.93 0.67 0.77 0.85 0.42 0.78 0.03 0.18 0.55 0.99 0.28 0.16 0.91 0.40 0.39 0.06 0.19 0.85 0.58 0.10 0.99 0.85 0.07 0.68 0.54 0.00 0.24 
0.74 0.91 0.97 0.96 0.32 0.08 0.76 0.74 0.67 0.54 0.52 0.45 0.54 0.67 0.61 0.45 0.77 0.07 0.75 0.53 0.20 0.49 0.40 0.25 0.83 0.74 0.44 0.85 0.16 0.36 0.16 0.94 0.08 0.46 0.09 0.53 0.44 0.86 0.60 0.56 0.99 0.05 0.76 0.22 0.90 0.70 0.55 0.37 0.39 0.99 0.16 0.68 0.69 0.92 0.78 0.34 0.14 0.80 0.50 0.32 0.96 0.88 0.34 0.36 0.98 0.24 0.59 0.46 0.03 0.81 0.93 0.24 0.55 0.60 0.11 0.29 0.36 0.03 0.76 0.47 0.31 0.18 0.70 0.31 0.77 0.52 0.31 0.55 0.22 0.92 0.19 0.70 0.75 0.12 0.87 0.11 0.86 0.96 0.01 0.94 
0.92 0.74 0.97 0.38 0.39 0.28 0.66 0.60 0.16 0.22 0.90 0.46 0.56 0.03 0.06 0.16 0.83 0.98 0.05 0.17 0.46 0.95 0.14 0.53 0.61 0.73 0.07 0.08 0.84 0.51 0.89 0.06 0.37 0.78 0.49 0.68 0.27 0.41 0.28 0.57 0.92 0.82 0.14 0.05 0.98 0.96 0.18 0.30 0.17 0.24 0.96 0.98 0.88 0.23 0.26 0.72 0.45 0.93 0.74 0.30 0.81 0.02 0.52 0.67 0.94 0.22 0.36 0.41 0.29 0.87 0.59 0.55 0.10 0.14 0.17 0.31 0.02 0.45 0.70 0.37 0.81 0.26 0.38 0.25 0.77 0.29 0.88 0.23 0.83 0.91 0.94 0.34 0.66 0.21 0.96 0.27 0.02 0.21 0.88 0.77 
0.61 0.45 0.63 0.45 0.26 0.66 0.05 0.33 0.05 0.36 0.37 0.90 0.60 0.48 0.51 0.51 0.97 0.04 1.00 0.90 0.76 0.67 0.15 0.85 0.17 0.67 0.58 0.11 0.08 0.68 0.39 0.09 0.09 0.94 0.41 0.31 0.40 0.11 0.47 0.36 0.65 0.88 0.13 0.96 0.84 0.11 0.36 0.43 0.26 0.25 0.18 0.07 0.68 0.80 0.71 0.42 0.30 0.88 0.97 0.28 0.88 0.88 0.30 0.41 0.43 0.98 0.98 0.36 0.89 0.35 0.85 0.48 0.71 0.44 0.04 0.91 0.20 0.89 0.73 0.13 0.57 0.00 0.78 0.81 0.61 0.29 0.40 0.14 0.67 0.70 0.28 0.72 0.83 0.83 0.28 0.08 0.00 0.45 0.61 0.65 
0.51 0.43 0.37 0.52 0.68 0.89 0.96 0.45 0.91 0.96 0.31 0.46 0.16 0.96 0.23 0.61 0.78 0.42 0.09 0.91 0.62 0.54 0.43 0.87 0.52 0.86 0.27 0.10 0.93 0.72 0.73 0.97 0.59 0.66 0.86 0.53 0.43 0.85 0.03 0.42 0.07 0.81 0.29 0.51 0.16 0.97 0.54 0.09 0.55 0.27 0.47 0.88 0.28 0.82 0.29 0.30 0.60 0.79 0.86 0.60 0.65 0.21 0.10 0.98 0.72 0.68 0.70 0.83 0.95 0.97 0.89 0.74 0.27 0.54 0.69 0.52 0.99 0.05 0.75 0.27 0.67 0.82 0.59 0.27 0.19 0.17 0.62 0.07 0.80 0.37 0.12 0.98 0.55 0.79 0.76 0.70 0.65 0.56 0.59 0.61 
0.56 0.48 0.31 0.98 0.23 0.20 0.80 0.65 0.02 0.13 0.81 0.06 0.20 0.15 0.56 0.45 0.83 0.44 0.98 0.90 0.78 0.05 0.13 0.52 0.74 0.86 0.38 0.83 0.47 0.32 0.02 0.52 0.97 0.88 0.99 0.83 0.22 0.55 0.38 0.35 0.34 0.77 0.77 0.43 0.77 0.98 0.82 0.31 0.61 0.72 0.14 0.91 0.81 0.96 0.43 0.78 0.91 0.14 0.14 0.26 0.37 0.63 0.70 0.06 0.78 0.74 0.99 0.29 0.20 0.38 0.30 0.58 0.56 0.37 0.66 0.19 0.24 0.57 0.15 0.73 0.66 0.79 0.90 0.51 0.61 0.91 0.46 0.44 0.74 0.87 0.37 0.93 0.03 0.23 0.96 0.32 0.08 0.38 0.57 0.73 
0.91 0.22 0.39 0.67 0.52 0.28 0.07 0.88 0.56 0.45 0.65 0.42 0.82 0.83 0.95 0.37 1.00 0.78 0.68 0.46 0.01 0.70 0.59 0.94 0.36 0.95 0.32 0.03 0.35 0.15 0.13 0.14 0.09 0.54 0.46 0.23 0.71 0.29 0.38 0.48 0.26 0.54 0.13 0.36 0.75 0.96 0.78 0.52 0.58 0.28 0.94 1.00 0.22 0.78 0.24 0.86 0.41 0.35 0.50 0.24 0.54 0.86 0.45 0.95 0.96 0.47 0.69 0.27 0.95 0.61 0.88 0.61 0.71 0.76 0.58 0.79 0.30 0.87 0.81 0.91 0.93 0.36 0.97 0.89 0.84 0.05 0.88 0.87 0.20 0.32 0.84 0.92 0.22 0.21 0.25 0.40 0.20 0.04 0.45 0.81 
0.08 0.80 0.20 0.95 0.19 0.05 0.24 0.51 0.06 0.63 0.39 0.22 0.95 0.66 0.62 0.06 0.95 0.59 0.40 0.34 0.62 0.48 0.89 0.14 0.10 0.67 0.01 0.54 0.04 0.39 0.30 0.28 0.46 0.69 0.96 0.96 0.86 0.10 0.02 0.58 0.49 0.57 0.45 0.33 0.07 0.64 0.09 0.45 0.09 1.00 0.61 0.80 0.50 0.37 0.68 0.33 0.31 0.51 0.30 0.04 0.45 0.87 0.56 0.82 0.12 0.02 0.22 0.72 0.32 0.08 0.90 0.74 0.00 0.91 0.33 0.87 0.60 0.13 0.31 0.90 0.25 0.83 0.75 0.88 0.37 0.98 0.69 0.78 0.23 0.09 0.39 0.30 0.20 0.12 0.35 0.35 0.13 0.40 0.11 0.04 
0.91 0.18 0.37 0.85 0.48 0.65 0.88 0.93 0.80 0.38 0.83 0.57 0.14 0.16 0.68 0.91 0.70 0.65 0.06 0.20 0.59 0.54 0.80 0.89 0.92 0.29 0.89 0.42 0.85 0.09 0.94 0.41 0.74 0.37 0.89 0.30 0.50 0.36 0.40 0.46 0.48 0.81 0.12 0.11 0.37 0.40 0.33 0.15 0.11 0.72 0.17 0.95 0.75 0.41 0.64 0.85 0.73 0.59 0.03 0.29 0.61 0.25 0.33 0.31 0.24 0.43 0.33 0.81 0.62 0.11 0.31 0.22 0.98 0.74 0.28 0.74 0.42 0.59 0.73 0.39 0.09 0.62 0.30 0.32 0.22 0.11 0.63 0.75 0.46 0.69 0.77 0.94 0.58 0.79 0.50 0.67 0.13 0.78 0.22 0.76 
0.46 0.00 0.58 0.24 0.83 0.98 0.80 0.16 0.22 0.03 0.30 0.53 0.01 0.41 0.61 0.30 0.92 0.07 0.43 0.56 0.09 0.01 0.94 0.69 0.70 0.85 0.88 0.85 0.61 0.89 0.40 0.05 0.29 0.12 0.73 0.29 0.06 0.98 0.08 0.04 0.93 0.42 0.12 0.14 0.13 0.98 0.07 0.50 0.42 0.39 0.30 0.18 0.78 0.28 0.78 0.70 0.10 0.81 0.45 0.67 0.77 0.85 0.05 0.89 0.28 0.85 0.32 0.58 0.16 0.52 0.28 0.60 0.30 0.00 0.38 0.25 0.42 0.97 0.53 0.77 0.66 0.40 0.44 0.90 0.15 0.49 0.12 0.47 0.68 0.08 0.20 0.75 0.81 0.74 0.62 0.40 0.03 0.35 0.04 0.88 
0.11 0.54 0.48 0.76 0.16 0.99 0.74 0.25 0.36 0.66 0.28 0.03 0.20 0.98 0.60 0.72 0.05 0.49 0.64 0.79 0.86 0.76 0.81 0.87 0.51 0.11 0.10 0.58 0.04 0.60 0.60 0.08 0.66 0.62 0.57 0.62 0.74 0.15 0.70 0.54 0.69 0.21 0.29 0.92 0.30 0.14 0.52 0.78 0.34 0.74 0.47 0.03 0.77 0.68 0.62 0.14 0.91 0.10 0.71 0.44 0.18 0.89 0.86 0.91 0.04 0.21 0.76 0.35 0.70 0.36 0.67 0.87 0.82 0.47 0.43 0.06 0.42 0.41 0.35 0.43 0.03 0.74 0.89 0.80 0.65 0.88 0.84 0.49 0.34 0.33 0.23 0.14 0.33 0.10 0.75 0.14 0.27 0.86 0.13 0.25 
