 4.102634 4.068792 4.122135 3.981795 4.134238 4.140209 4.243207 4.103952 4.062049 4.027831 4.180155 4.247195 4.072981 4.005897 3.879429 3.938127 4.082903 4.138198 4.161552 4.067742 4.016593 3.933519 4.379103 4.226913 4.177701 4.114491 4.264282 4.064092 3.938388 4.009224 3.913888 3.949721 3.967557 3.838399 4.112257 4.233424 4.282514 3.957441 3.841235 4.009263 4.237998 4.137022 4.000729 3.912172 4.055367 4.015265 4.020160 4.226993 4.070071 4.028697
 4.167475 3.984904 4.184857 4.210495 4.035741 4.222091 3.957264 4.134614 4.172297 3.909090 4.177217 4.356512 3.858982 3.936936 4.156123 4.142344 3.946020 4.084414 4.174846 4.128323 3.930200 4.030727 3.980067 4.236799 4.174729 4.082436 4.112344 3.953425 4.082240 4.192627 4.030109 3.920996 4.021380 3.958039 4.021721 4.061646 4.067826 4.164764 3.929337 3.979771 4.067254 4.235262 4.161561 4.043279 4.065481 3.990312 4.046561 4.055845 4.099391 4.322513
 4.152348 4.093382 4.072747 3.931684 4.168781 4.097940 4.020599 3.855795 3.838722 3.865501 4.117757 4.113362 4.014982 4.111991 4.191718 4.084177 4.156023 3.981730 4.259535 4.142144 4.025824 4.070872 3.905827 3.982272 4.165974 3.977888 4.079180 4.238337 4.096159 4.013356 3.998184 4.067297 4.191086 4.171776 4.084538 4.156885 4.345484 4.166434 3.962554 3.908236 4.084089 4.110731 4.098780 3.816151 3.962895 4.029851 4.069120 4.119421 4.047991 4.136930
 4.115192 3.977153 4.059164 4.097131 3.993739 4.029978 4.083996 4.310854 4.121623 4.212065 4.115400 4.145714 4.014413 4.155569 4.262757 4.019955 4.125654 3.933027 4.180733 3.994952 3.999113 4.103599 4.179389 4.077101 4.030031 3.961601 3.883472 3.958328 3.956564 3.914229 3.679538 4.030038 3.984954 4.019104 4.100623 4.348057 3.966425 4.103574 4.015217 4.192332 3.928648 4.074487 4.068325 3.960195 3.935193 4.010145 4.181870 4.125862 4.032838 3.914181
 4.217094 4.082007 3.981872 4.277835 4.280165 3.947766 4.149049 4.195133 4.354607 4.212006 3.969221 4.167996 4.297581 4.152664 4.153406 4.225216 4.159798 3.874266 3.916264 3.919391 3.911997 3.991976 4.122746 4.223772 4.132322 4.049791 3.916687 3.891689 3.790016 3.871905 3.978230 4.101238 3.979485 4.111454 4.093648 4.116961 4.033806 4.003516 4.229873 4.168581 4.046999 3.924376 3.958287 4.016574 3.973405 4.071867 4.071092 4.112722 4.186324 4.020892
 4.234716 3.866091 4.071433 4.315927 4.130675 4.092516 4.085019 4.253187 4.103446 4.070240 4.145860 4.052235 4.278160 4.218465 4.267642 4.077593 4.087379 4.034692 3.871656 3.869740 3.983449 3.972761 4.114102 4.111905 4.363411 4.080259 3.841320 3.830015 4.031127 4.095963 4.050555 4.072093 4.098719 4.073953 4.039947 4.086024 3.888920 4.087162 4.174878 4.093236 4.269642 4.012397 3.933089 4.147376 4.164109 4.174458 3.999706 4.149104 4.119527 4.058847
 4.042567 3.873557 4.092260 4.072198 4.079538 3.991050 4.126796 4.019236 4.442723 4.105542 4.091743 4.166021 4.088010 4.237807 4.143279 3.953424 3.810725 4.001129 4.038397 4.140658 4.127071 3.995098 3.947546 4.229540 4.037833 4.141938 3.972487 3.960801 3.986427 4.146991 4.098557 3.880783 4.101291 4.085999 4.194919 4.352188 4.066365 3.948848 4.099903 4.192076 4.206375 4.260814 4.057428 4.242452 4.128815 4.082856 4.121550 4.100007 4.250587 3.875555
 3.829081 4.081832 3.891709 4.057939 4.010557 4.115719 4.123980 3.995616 4.217152 4.159058 4.135950 3.953873 4.109638 4.366574 4.128891 4.012524 3.834193 3.968721 4.025052 4.394231 4.219861 3.912939 3.822282 4.025570 4.095932 4.097615 4.019503 3.838099 4.183040 4.147321 4.306380 4.198963 4.025659 4.121324 4.055199 4.177549 4.198444 4.034446 3.988694 4.042259 4.133952 3.985197 4.090936 4.145317 4.058589 4.192049 4.324801 4.179234 4.089699 4.030820
 3.865364 3.762982 4.103641 4.140976 4.077938 4.188912 4.002115 4.030660 4.250868 4.228778 4.062630 4.034814 4.112575 4.150323 4.355793 3.969860 3.912582 4.019038 4.240998 4.276261 4.146918 4.357713 4.169705 3.961627 4.400380 4.198228 4.008264 4.076700 4.086279 4.228551 4.348807 4.087485 4.207108 4.118463 4.169392 4.144779 4.106791 4.120525 4.068447 3.976608 3.940155 4.078043 3.987598 4.076704 4.099454 4.036631 4.021125 4.195098 4.067000 4.229142
 3.799086 4.082559 3.901546 3.954654 4.167453 4.048962 4.125252 4.194792 3.904906 4.250469 4.252259 4.059594 3.966736 4.167218 4.311184 4.221993 4.002554 4.047085 4.155158 4.209301 4.218724 4.217255 4.018010 4.321444 4.065420 4.061729 4.084032 4.102940 4.027952 4.201387 3.935547 4.142308 4.129859 4.068867 3.998677 4.118651 3.932621 4.001996 3.925537 3.809827 3.909012 3.808471 4.122429 4.143101 4.088417 4.100844 3.883055 4.077142 4.196768 4.207201
 4.273370 4.142682 3.964600 4.032774 3.947685 4.274345 4.159734 4.124970 4.135676 4.235802 3.970450 4.054704 3.945197 4.163235 4.056214 4.111656 4.100996 4.134591 4.217874 4.187653 4.228537 4.403126 4.289220 3.997096 4.184993 3.791729 3.969470 3.964046 3.991307 3.906846 3.952712 4.006878 4.114410 3.993001 3.948395 3.931485 3.910446 3.852590 3.853306 3.975561 3.895406 4.130256 3.817312 4.119054 4.273323 3.961659 4.086704 3.999630 4.107447 4.020740
 4.136888 3.919238 3.888793 3.833493 4.107032 4.137310 4.141339 4.194722 4.218996 4.040457 4.090956 3.816439 4.157816 4.181399 4.110611 3.945790 4.130534 4.167835 4.264075 4.096128 4.021174 4.329730 3.999719 4.178150 3.726906 4.070471 3.805728 4.000572 4.079270 4.145628 3.774210 4.121817 4.315255 4.336497 4.087842 3.793759 3.980138 3.863100 4.133323 4.175237 3.974260 4.057777 4.197964 4.041620 4.315150 4.112405 4.102829 4.094586 4.089660 3.933463
 3.967579 4.054332 3.892651 3.990570 4.062745 4.269685 4.115844 4.124991 4.226654 4.161968 3.984258 4.137638 4.018131 4.234323 4.268573 3.834471 4.008629 4.158062 3.995844 3.913818 3.870705 4.082520 4.195331 4.094461 4.100524 3.809210 3.985447 4.143459 4.177475 4.011325 4.187764 3.977521 4.255668 4.192781 4.155185 4.242319 4.068683 4.103808 3.988925 4.061678 4.053678 4.145628 4.041632 4.132359 4.144275 4.230576 4.145917 4.164591 3.986279 3.972815
 4.136773 4.151396 4.150226 3.965899 4.072804 4.015303 4.003448 3.952976 4.247095 4.303785 4.171599 4.103991 4.241396 4.127987 4.015295 4.021463 4.025501 4.164822 3.946334 4.095549 3.933428 3.943544 4.251789 4.348851 4.119847 4.247893 4.027815 4.019453 4.008635 4.137403 3.948072 4.220435 4.247015 4.055868 4.010498 4.265274 4.119752 4.133190 4.194889 4.099145 4.085702 4.098345 4.079501 4.101738 3.955555 4.156415 3.965908 4.019064 3.970495 4.234462
 4.296410 4.062522 4.017383 3.944938 4.148746 4.072676 3.957904 4.129358 4.051671 4.211929 4.164937 4.203554 4.010203 4.161692 4.113098 4.255430 4.142347 3.983735 4.178841 4.083230 4.007206 3.886286 3.981641 4.191039 4.287824 4.290104 4.140427 4.086341 4.223763 3.688165 4.046237 4.154079 4.084315 4.056948 4.116046 4.094837 4.039591 3.980438 4.158492 4.153631 4.072945 3.937093 4.175644 3.908544 3.963701 3.955548 4.073808 3.942566 4.172128 4.080472
 4.171481 4.013793 4.016911 4.153221 4.254876 4.173259 4.033413 4.171358 4.251901 4.138706 3.934111 4.119735 4.136362 4.041707 4.110077 4.000806 4.070018 4.000441 4.149778 3.912616 3.975850 3.949921 3.982500 4.066195 4.054013 3.873933 4.100210 3.986186 3.819722 3.938075 3.917782 4.245372 4.235515 3.899320 3.932201 4.001461 4.235863 3.973243 4.091535 4.188915 4.359878 4.083574 4.051668 3.850117 3.805710 3.988484 3.916434 3.919248 3.972050 3.897617
 3.994202 4.173313 3.997968 4.098845 4.057685 4.212530 4.089146 4.258568 4.457045 3.938839 4.202188 4.123447 4.295163 4.131817 3.917595 3.962765 3.765701 4.134794 4.200364 4.120569 3.997529 4.000563 4.108841 4.177535 3.929860 4.189599 4.084691 3.954967 3.971362 3.933290 3.908014 4.073560 4.134597 4.048430 3.868961 3.974078 3.837073 4.033991 4.010199 4.265627 4.168528 4.172209 4.068960 3.968794 4.151258 4.034499 4.105252 4.031577 3.990316 3.919189
 3.953612 4.185144 3.969280 3.868728 4.253766 4.255070 4.095976 4.125245 4.178360 4.153152 4.132738 3.893417 4.160031 4.237682 4.080828 3.929597 3.794888 3.946232 4.125216 3.891685 4.116486 4.185638 4.200329 4.040515 4.367939 4.034802 4.120469 4.187735 3.946100 4.137838 4.097270 4.026165 4.147529 3.983458 4.046000 4.175896 4.053600 4.021055 4.075199 4.048849 4.128412 4.111732 4.239078 4.228112 4.195232 3.973044 4.201269 4.284120 3.959735 3.921572
 3.998166 3.953499 4.039580 4.033278 4.175686 4.076499 4.060387 3.941596 4.089159 4.184725 4.114791 4.111238 4.121318 4.177143 4.086562 4.100126 3.959859 3.929612 3.985677 4.054667 4.063191 4.202388 4.307320 4.158753 4.051249 4.087519 4.079130 3.956432 4.025309 4.010373 4.007475 4.183458 4.100807 4.275220 4.012918 4.082183 3.985893 3.937939 3.932324 3.917968 4.038126 4.206840 4.273321 4.298959 4.183533 4.290963 4.157418 4.280019 4.009305 3.927276
 3.889392 4.002672 4.155534 4.099630 3.962961 4.135306 4.146617 4.057160 4.068856 3.867430 4.215349 4.159660 4.397877 3.989704 3.965398 3.964677 3.967836 4.118562 3.989035 4.042147 4.159912 4.119181 4.181657 4.337864 4.022789 4.026761 4.206193 4.218095 3.992400 3.995660 4.234273 4.042380 4.045539 3.822272 3.985857 4.099217 4.115658 3.981204 3.958140 3.946009 4.095647 4.197094 4.234988 4.355504 4.330554 4.222274 3.948863 3.805901 3.905289 4.044317
 3.978899 4.182731 4.100118 4.184074 4.266682 4.190333 4.186417 4.025701 3.988364 4.038183 3.984291 4.263182 4.264384 4.003625 3.932355 3.948388 3.959373 4.015676 3.956587 4.293806 4.278337 4.150820 3.874971 4.020480 4.185723 4.173896 4.154736 4.293081 4.218988 4.019633 3.891638 3.985905 4.150192 4.104323 3.999600 3.948335 4.191298 4.176575 3.933289 4.231394 4.016215 4.189534 3.948546 4.398279 4.214384 4.094476 3.993902 3.832229 3.795689 3.982765
 4.045146 4.113583 3.985338 4.065011 4.173433 4.204128 4.169634 4.093809 4.075245 3.999457 4.051489 4.094289 3.950217 4.054657 4.139953 3.985494 4.058705 4.069173 3.971047 4.146447 4.124352 4.186879 4.100957 4.102054 3.875154 4.140511 4.195728 4.154826 4.156155 4.218608 3.973126 3.854222 4.223357 4.030585 3.907011 3.925592 4.048954 4.114943 4.072418 4.044115 4.066747 4.060211 4.054987 4.157160 4.164040 4.004510 4.095730 4.143506 4.118558 4.310315
 4.073338 3.887095 4.031376 4.108315 4.048592 4.208294 4.112113 4.135126 3.959378 3.882681 3.865687 3.913993 3.847069 4.135529 4.156404 4.132173 4.072738 4.041431 4.042050 3.892953 4.252159 4.245755 4.047522 3.982501 4.032806 3.942856 4.065359 4.076109 4.072221 3.884811 3.917011 4.008338 4.101504 3.823345 3.932190 4.040282 4.043483 3.980457 3.881958 4.038323 3.906357 3.995625 4.088789 4.393373 4.158431 4.100610 4.126686 4.120384 3.999121 4.075195
 4.044596 4.050435 4.021645 4.067165 4.085039 3.960259 3.942534 4.060813 4.079546 3.973893 3.858778 3.962237 3.916554 4.062859 4.094446 4.057484 3.952153 4.162376 4.199722 4.035554 4.165299 4.082461 3.969576 3.926913 4.218137 4.091331 4.151199 4.140635 4.084150 3.971497 4.060174 4.034935 4.040964 3.998867 4.002612 3.921984 4.043094 4.134899 3.805462 4.142811 4.150813 3.842123 3.965001 4.082529 4.042138 4.067737 4.256540 4.026289 3.960152 4.030691
 4.070433 4.021706 4.070793 4.008178 4.057228 4.057342 4.026923 4.170052 4.027628 3.991553 4.013092 4.109669 4.198270 3.975949 3.994924 3.897952 4.117054 4.057150 4.190931 4.240756 4.199303 3.941085 4.086442 4.009501 4.303978 4.080249 3.969309 4.054972 4.061226 4.060765 3.969827 3.948192 4.052578 4.195397 3.986937 4.035930 4.078532 4.034075 4.306432 4.142937 4.064754 3.906112 3.982414 3.949251 3.901363 4.158386 4.345829 4.087007 3.929139 3.926958
 4.189575 4.157107 4.066826 4.028647 4.151410 4.047783 4.002731 4.147862 4.026692 4.198162 4.195086 4.090752 3.938688 3.974510 4.026949 4.012356 4.057720 3.979368 4.419730 3.944065 3.899932 4.047963 4.079162 4.208888 4.273409 4.041404 4.022130 3.948457 3.887991 4.179383 4.170229 3.976823 3.964752 3.936708 3.974183 4.219783 4.239828 4.064260 3.956357 4.091346 3.979136 3.881173 3.925696 4.078981 4.122458 4.247871 4.342189 4.157221 4.003307 3.916779
 3.775783 4.053444 4.178516 4.088968 4.263171 4.202181 4.000415 4.229335 4.220837 4.175128 4.149743 4.141173 4.136004 4.148896 4.217815 4.056736 3.991646 3.940273 4.092786 4.021214 3.753029 4.119591 4.042623 4.075724 4.168681 3.855155 4.180896 4.141659 4.072186 4.043648 4.122887 4.233225 3.842388 4.142271 4.220685 4.077456 4.214715 4.038351 4.055793 4.029005 4.143794 4.127701 4.134851 4.120831 4.149984 4.108358 4.092443 4.086670 3.993102 3.873329
 3.799090 3.940127 3.900969 4.077736 4.201957 4.109340 3.988415 3.943614 4.278078 4.077176 4.163321 4.123836 4.037741 3.991804 3.940380 4.009542 3.829467 3.887732 4.206906 4.174691 4.070126 4.099329 3.883418 4.097085 4.153547 4.201407 4.026957 4.094358 3.882540 3.998139 4.004295 4.132663 4.065147 4.199570 3.874804 4.011629 3.965466 3.865283 4.184639 3.942949 4.041360 4.041553 4.136560 4.338436 4.204568 4.019308 4.003387 3.967102 3.981888 4.157710
 4.079446 4.270924 4.161135 4.088923 4.122713 4.312315 4.034823 4.038983 3.975882 4.028325 4.112234 4.079588 4.004406 4.076404 4.236437 3.834500 3.932617 3.782529 4.034186 4.241193 4.199780 4.088346 4.109943 4.189223 4.186292 3.988224 4.021464 3.931900 4.117075 4.009680 3.969445 3.909538 4.080839 3.993103 3.904574 4.238741 4.083901 4.029417 3.983382 4.079242 4.052669 4.119133 4.224667 4.262482 4.123203 4.117163 4.196601 3.893918 3.835129 4.138062
 4.330127 4.022476 4.046662 4.036987 4.068249 4.296078 4.249683 4.091501 4.171334 4.015842 4.004127 4.214231 4.348670 4.045231 3.797215 3.985565 4.113787 3.936140 3.985987 4.078238 4.276587 4.086717 4.150152 4.017578 4.108865 4.109621 4.132909 3.898696 3.904415 3.938926 3.871135 3.971540 3.885911 3.775133 4.075102 4.225757 4.117710 3.950707 4.094340 4.095644 4.000531 4.097030 4.163471 4.295337 4.201683 4.171290 4.253364 4.151886 4.004375 3.839885
 4.110999 4.025749 3.963372 4.056461 4.039048 4.040475 3.985470 4.226762 4.189542 3.935628 3.916324 4.313849 4.204769 4.389728 4.080973 3.947169 4.216415 4.072713 3.913107 4.284156 4.046223 4.239366 4.041353 4.065569 3.991654 3.921138 3.974464 3.896066 3.971203 4.058074 3.952655 3.981956 4.006294 3.954357 4.021380 4.135403 4.219713 4.371187 4.048559 3.956279 3.964242 4.079596 4.084573 4.207860 4.182929 4.211123 4.134897 4.332057 4.158632 3.854227
 4.100471 3.897970 3.904130 4.074967 4.212059 4.297718 4.242159 4.076008 3.953751 4.147288 4.017809 3.961002 4.039395 4.095502 4.509938 4.161459 4.177035 4.227439 4.155468 4.176625 4.068295 3.985446 4.114082 4.188787 4.127637 4.071322 3.976972 3.972378 3.952913 4.159102 4.105750 4.291269 3.995018 3.925594 4.057197 4.242210 4.265905 4.162942 4.066021 4.058510 4.243043 4.061319 4.244761 4.121853 4.239213 4.172936 4.256771 4.147569 4.057092 4.042711
 3.839287 3.898769 3.939993 3.784961 4.091293 4.225973 4.249610 4.144891 4.008197 4.227924 4.197103 4.093051 3.864571 4.103211 4.221687 4.137733 4.020147 4.228874 4.138547 4.093700 3.934787 3.990558 4.247313 3.992694 4.277104 4.059870 4.218738 3.998086 3.983707 4.151423 4.307200 4.085246 3.853421 3.832767 4.171031 4.093882 4.265187 4.097268 4.265122 4.249193 4.050334 4.016970 3.934520 4.140822 3.922220 4.115205 4.160305 3.963046 4.017980 4.065610
 4.101038 4.085512 4.234981 3.933512 4.040461 4.284718 4.293615 3.957919 4.007367 4.090078 4.239278 3.962804 4.133384 4.071727 4.232811 3.917676 4.068243 4.109666 4.133106 4.149232 3.945739 4.202772 4.121861 4.139752 3.993836 4.320302 4.331622 3.952183 4.047376 3.947564 4.089585 4.127682 4.202783 3.961494 4.104018 4.186498 4.039450 4.219366 4.159135 4.131686 4.159759 3.888992 4.051066 4.054884 4.173358 4.077980 3.995736 3.998273 4.176501 4.087840
 4.127019 4.033261 3.956484 4.196379 4.304446 4.210604 3.990440 3.964013 3.872193 4.013654 4.165642 4.017716 4.031839 4.038916 4.194523 3.847564 3.966362 4.120440 3.938897 4.000137 4.137950 4.242061 4.296823 4.267402 4.157003 4.109643 3.944505 4.329237 3.958657 4.073258 3.980222 4.290297 4.193921 4.173544 4.005306 3.872311 4.148359 4.103725 3.972435 4.084678 4.015576 3.926049 3.945650 3.953394 3.982074 3.999722 4.057963 4.090314 4.131193 4.163892
 4.055552 4.031411 3.909822 4.222063 4.131163 3.983528 3.941503 3.872232 4.023764 4.217374 3.957852 4.148504 3.777608 4.154880 4.184382 3.872701 3.987919 4.199121 4.128391 4.015046 4.168152 3.985323 4.276795 4.126353 4.054810 4.138680 4.231006 4.008307 4.088463 4.052555 4.077975 4.274707 4.342510 3.922343 4.046644 4.087426 3.976236 4.011040 4.119388 3.965239 3.844469 3.923652 4.042091 3.980433 4.048890 3.914428 4.100570 4.164604 4.166849 4.057103
 4.003360 3.851380 3.929866 3.952808 4.040032 4.032319 3.859801 4.038419 3.856440 4.074893 4.060822 3.657235 4.039572 4.315752 4.198557 4.103444 4.018197 4.133375 4.091290 3.887598 3.995527 4.072267 4.124092 3.940201 4.085558 4.010102 4.257227 3.987054 4.035414 4.110687 4.344809 4.090821 3.886537 4.086927 4.156781 4.038042 3.970688 3.900617 3.912760 4.054397 3.878464 4.198290 4.126522 4.156597 4.058757 4.131907 4.207199 4.426323 4.181396 4.154601
 4.193090 4.055314 3.918297 4.020843 4.152237 4.047402 4.157774 4.140270 4.079865 3.946131 3.874111 4.057179 4.036072 4.038448 4.168502 4.001415 4.022922 4.039988 4.089231 3.915339 4.005168 3.961716 4.132407 3.976149 3.920042 4.164265 4.096397 4.186231 3.895139 4.092834 4.345747 4.150076 4.072524 3.979639 4.190989 4.047085 4.013042 4.056185 4.137854 3.895377 4.050359 4.041323 4.020549 3.859497 3.990470 4.008621 4.105037 4.317237 4.328608 4.091815
 4.252522 4.058614 4.068730 3.980783 4.056270 4.093381 4.068325 4.222545 4.302807 4.130199 3.812434 4.001097 3.970742 3.946248 4.225651 3.975564 4.050087 4.119053 4.168889 4.169398 3.980033 4.198580 4.215790 4.036875 3.897659 4.230592 4.201247 4.087314 3.880755 4.049119 4.152030 4.056589 3.959254 4.224166 4.136588 4.021461 4.174662 4.074315 4.162268 4.002773 3.966799 3.963252 4.073341 3.954592 4.087888 3.844986 4.211415 4.131233 4.197155 4.183185
 4.108003 4.201003 3.885170 4.425117 4.029312 4.271650 4.133899 4.117511 4.004272 3.963724 3.976876 3.868829 3.850403 3.850390 4.018476 4.175495 4.150037 4.028405 4.030453 4.308981 4.133772 4.031516 4.225412 3.844692 4.001757 4.103447 3.991980 4.092149 4.202192 3.959448 3.981773 3.979845 3.838088 3.950315 4.226300 4.097519 4.039457 4.332825 4.148443 4.155946 4.036554 4.176652 3.991389 4.161323 4.070091 4.114847 4.063565 4.286098 4.184938 4.210053
 4.159966 4.309681 4.093384 4.055787 4.188539 4.216090 4.059094 4.323142 4.032448 3.950470 3.700534 3.777006 3.913243 4.137568 4.193137 4.157334 3.964117 3.925535 3.866197 3.991355 4.205282 4.164344 3.871283 3.867065 3.978563 4.114242 4.055931 4.182962 4.254309 4.126009 3.812467 4.109677 4.167248 3.963715 4.013409 3.937961 4.202370 4.221305 4.102061 4.312180 3.924907 4.116804 4.145383 4.088441 4.369110 4.116696 4.166442 4.149020 4.157248 4.211030
 4.145308 4.240353 4.223151 4.159755 4.023268 4.028322 4.112462 4.173503 4.238336 3.953035 3.939602 3.928493 4.085851 4.044536 4.154140 4.084131 4.018674 4.045367 3.902463 4.049892 3.936681 4.081764 4.163043 4.099908 4.074685 4.211718 4.061842 4.088163 4.158073 4.103217 4.165533 3.864396 4.125018 4.107045 3.863681 4.082813 4.111413 4.338408 4.159005 4.056654 4.091630 4.155889 4.081301 4.170977 4.108127 4.232380 3.955872 4.086867 4.258561 4.060925
 4.082449 4.093562 4.171052 4.064806 4.107216 4.111058 3.815490 3.974410 4.043040 3.849572 4.057008 4.077725 4.100903 4.155000 4.163214 3.926167 4.010239 4.088771 3.998572 4.025355 4.037223 4.086737 3.963024 3.914310 4.134673 4.147007 4.176101 4.161554 4.078048 4.016138 4.113200 3.947608 4.108982 4.107485 4.157235 4.082933 4.058261 4.135478 4.097785 4.115859 4.107711 4.222427 4.102682 4.111461 4.077895 4.017625 3.968948 4.140361 4.117348 4.247119
 4.107104 4.053383 4.167034 4.113887 4.221751 3.977196 4.050507 4.176475 3.920730 3.839031 4.051948 4.078351 3.899279 4.161335 4.110178 4.083153 4.158578 4.185243 4.073268 4.074648 3.993717 4.123245 4.062110 3.792097 4.115625 4.015236 4.106774 4.010674 4.136597 3.883139 4.048627 4.427110 4.165458 4.110816 3.976259 4.022526 4.265790 4.177362 4.169391 4.206349 3.918972 4.109973 4.176572 4.198776 4.018993 3.965521 4.061094 4.140987 4.093442 4.294154
 4.052780 4.171343 4.106722 4.058902 4.058069 4.052269 4.287699 4.231901 4.145499 3.974447 4.025642 4.058067 4.022414 4.131150 4.090466 4.204234 4.182599 3.990020 3.822535 4.056588 4.251036 4.137612 4.017838 4.186553 4.283165 4.106100 4.037520 4.045825 4.081840 4.037353 4.027667 4.338528 4.243620 4.158967 4.090522 4.067887 4.178267 4.405822 4.194500 4.086274 4.143385 3.927166 3.943921 4.071315 4.112686 4.274500 4.128222 4.143514 4.104281 4.295636
 4.117293 4.163298 4.079709 4.335955 4.227014 4.106005 4.325133 4.400149 4.354000 3.999322 4.221480 4.343433 4.195039 4.032312 4.330635 3.892759 4.242067 4.052230 3.955983 3.882109 4.062446 4.115830 4.040987 4.469839 4.080824 4.056055 4.280005 3.974854 3.945072 3.853315 3.914544 4.028177 4.170499 4.142948 4.109368 4.126636 4.263028 4.367550 3.956865 4.151441 4.260691 3.947073 4.061132 3.918942 4.157746 4.112647 4.163366 4.028498 4.214159 4.061848
 4.165772 4.101239 4.020607 4.231527 4.181109 4.553191 4.218404 4.121995 4.143076 4.319071 4.190446 4.324837 4.416239 4.072608 3.916962 4.048419 4.146822 4.128616 4.009483 3.942422 3.882751 3.970187 4.159074 3.924404 4.134657 3.992861 4.352368 4.327909 4.034515 4.088436 4.001326 3.923890 3.839412 4.231152 4.228049 4.037184 4.423131 4.271401 4.130164 3.966141 4.320567 3.981148 4.069455 4.149154 4.093646 4.059302 3.938669 3.950316 4.010957 4.155971
 4.299476 4.250813 4.062816 3.907625 4.210904 4.083031 4.238904 4.139220 4.134089 4.141225 4.166559 4.058782 4.180287 4.003562 4.110532 4.226450 4.263330 4.062613 3.828195 3.855394 3.973012 3.954493 4.013064 3.955772 4.059338 3.925539 4.057979 4.128007 4.122957 4.156603 4.208813 3.772709 4.290153 4.154348 4.197548 4.294208 4.170190 4.203912 4.419472 4.000990 3.918795 4.053888 3.917811 4.054908 4.055263 4.049687 4.055242 4.041202 4.175863 4.074328
 4.088649 3.982943 3.880450 3.999780 4.230636 4.115015 4.182382 4.049643 3.973253 3.997048 4.102973 4.140521 4.100784 3.921806 4.172903 4.080327 4.239548 4.069064 4.057930 4.057955 4.204012 4.090347 4.018728 4.055866 3.961719 4.115294 4.219729 3.961192 4.137967 4.154871 3.988151 4.276160 3.992936 4.382318 4.207498 4.228143 4.173198 4.068706 4.078016 3.995315 4.061852 4.078955 3.867841 3.968830 3.997952 4.036744 4.029760 4.033772 3.958054 4.170704
 3.917300 3.870626 3.968570 4.065511 4.078891 4.206581 4.046373 4.044658 3.972654 4.028003 4.115232 3.903414 4.056561 4.048718 3.851796 4.112100 4.046651 3.965757 4.074420 4.034231 4.180853 4.024577 3.916443 3.992967 3.862373 4.025907 4.058633 4.018889 4.170016 4.352469 4.038102 3.964523 4.046023 4.058967 4.165073 4.052150 4.019795 4.478261 4.099625 4.124691 4.123239 4.089537 4.292970 4.073929 4.027015 4.143943 3.999526 3.807146 3.792218 3.981245
