 4.288185 4.192880 4.209430 3.995234 3.931581 4.108481 3.972415 4.014590 4.068313 3.942593 4.146808 4.122419 3.956491 4.149480 4.010588 3.781804 3.864665 4.172345 4.141620 4.177078 4.268176 4.110800 3.930686 3.942927 3.909442 4.185569 4.080408 4.173830 4.127583 3.952708 3.804425 4.410948 3.961565 4.161151 4.151391 4.382826 4.070032 4.076703 4.133561 4.166484 4.152610 4.066015 4.088556 3.900954 4.038893 4.077341 3.947121 4.166134 4.101293 3.929351
 4.047994 4.182559 4.164079 4.016882 4.209754 4.103056 3.969830 3.770872 4.087236 4.152320 3.957904 3.919525 4.247745 4.055990 3.998284 3.911354 4.097544 4.086426 3.980354 4.043922 4.069444 4.343856 4.049930 3.873910 4.028018 3.887095 4.133678 4.098033 4.014346 4.168098 3.956849 4.010237 3.977226 3.891850 4.129069 4.028049 4.067318 4.058866 4.118337 4.115886 4.166700 4.112596 4.052975 3.941159 4.064270 4.157932 4.087255 4.180494 4.060081 3.981527
 4.071708 4.206348 4.143097 3.935335 4.056943 3.990345 3.973569 4.119986 4.138122 4.092874 4.243972 4.028148 4.210763 4.327882 4.032627 4.142347 4.067788 3.787955 3.780682 3.885209 3.934248 4.063830 4.135726 4.115039 3.923131 4.197960 4.269384 4.084675 3.985584 4.084318 4.022883 3.913177 4.008231 4.171497 4.106724 4.021384 4.144806 4.384782 4.095343 4.315413 4.179063 4.306900 4.077718 4.272785 4.091070 3.913315 4.072654 4.179920 3.972932 4.063614
 4.127876 4.187698 3.922033 3.793491 3.978933 4.088593 4.018430 4.046894 4.137827 4.266964 4.310014 4.406838 4.260888 4.002716 4.379287 4.345259 4.091401 3.937006 3.804538 3.999671 4.176354 4.078767 3.914065 3.914721 4.081374 4.079264 4.185180 4.201650 4.086387 3.972644 4.056050 4.126950 4.169282 4.064212 3.989233 4.270892 4.220984 4.081307 4.165849 4.146265 4.202523 4.283478 4.356942 4.139409 4.096772 4.112429 3.943141 3.893025 4.239409 4.036903
 4.127319 4.201410 3.831792 3.896318 3.922610 3.943860 4.100806 3.828030 3.967820 4.365099 4.075397 4.052453 4.125666 4.113648 4.279172 4.107952 4.181446 4.220569 3.997257 4.011967 4.190786 4.107593 4.244153 4.107948 3.933299 4.262565 3.998059 4.011256 4.113297 4.222408 4.157832 4.231959 4.353674 3.935782 4.102098 4.344421 4.196327 4.152964 4.005933 4.248954 4.392214 4.226160 4.189530 4.076736 4.069096 4.290040 4.105830 3.785208 4.237601 4.044636
 4.127365 4.077690 4.033910 3.736688 4.179825 4.168636 4.032404 3.995550 4.040574 4.022652 3.948091 4.011546 4.182893 4.084550 4.247657 4.217030 4.109278 4.110901 4.039454 3.967535 4.182826 4.104270 4.077484 4.086212 3.960310 4.213075 3.973270 3.902097 4.109829 4.060026 4.130577 4.031311 4.113509 4.174617 3.997078 4.228760 4.068047 4.056858 4.065637 4.144384 4.212966 4.169883 4.175978 4.127091 4.004384 4.217145 4.171251 4.023018 3.877919 4.089892
 4.018939 4.084782 3.948068 4.160646 4.111500 4.217052 4.113635 3.881412 3.935846 4.138206 4.058568 4.134270 4.100373 4.047606 3.974076 4.151461 3.947161 4.228147 4.205408 4.101761 4.227095 4.129175 4.059982 3.817966 3.868643 3.919454 3.865702 3.878009 4.052247 3.969501 4.164593 3.904252 4.059420 4.085796 4.193171 4.032835 4.129911 4.068789 4.110639 3.971287 4.324429 4.285763 4.238458 4.154154 4.065282 4.033246 4.107097 3.770510 3.888362 3.981319
 4.212351 4.244728 4.002353 4.199840 4.163166 4.005741 3.958236 3.996078 4.071218 4.093151 3.903588 4.040271 3.871487 3.990566 4.120811 3.916801 4.022333 4.199094 4.262145 4.253721 3.835816 4.068098 4.106740 4.018183 3.922140 4.138034 3.940761 3.884543 3.954626 3.826462 4.049983 4.385175 4.222278 4.117462 4.136645 3.943768 4.129426 3.981186 4.289392 4.119209 4.178624 4.185951 3.991734 4.152406 4.109282 3.985221 4.087696 3.894279 4.113640 4.018445
 4.031750 4.122615 4.356733 4.088135 4.098414 4.144920 3.956994 3.956342 4.071201 4.066199 4.145285 4.190666 3.985049 4.165483 3.993509 4.101380 3.923753 4.074138 4.352732 4.142601 4.000125 4.080361 4.027525 3.976714 4.236595 4.052611 3.852985 4.241601 3.799890 4.192586 3.967784 4.109212 4.155677 4.309261 4.053816 4.130761 4.083385 3.929845 3.971183 4.113053 4.147528 4.056446 4.105296 4.183123 4.128447 4.028505 4.106281 4.197968 3.976552 4.068273
 4.252848 4.212135 4.264063 4.100996 4.299492 4.260178 3.942667 4.151974 4.000330 4.144786 4.329602 3.920282 4.104328 4.148594 4.301096 3.937922 4.068868 3.775282 4.057819 4.062428 4.067868 4.046761 4.030047 4.266276 4.072211 4.083054 3.865644 4.148521 4.129194 4.077473 4.084394 3.957356 4.005512 4.086936 3.938965 4.057069 4.122973 4.162398 3.923584 3.973356 3.990216 4.035634 4.229333 4.178233 4.020267 4.208579 4.130433 4.039145 4.051436 4.101008
 4.175816 4.218725 4.143684 4.043934 4.172364 3.801436 4.021665 3.967674 3.854292 3.966408 4.107481 3.997766 4.006999 3.973766 3.892606 4.109361 4.277263 3.909460 3.692250 4.053249 4.090000 4.149823 4.034911 3.902504 4.156697 4.059782 4.078474 3.797888 4.013460 3.833019 3.956611 4.170410 4.031042 4.001657 3.943359 3.875848 4.132007 4.091878 3.848633 4.143383 3.837812 4.253717 4.257397 4.387981 4.169717 4.101878 3.935124 4.078576 4.036927 4.079840
 3.974242 4.318388 3.895039 4.261455 3.807344 3.862279 4.045946 4.015267 4.115388 4.071268 4.146602 3.997377 3.981136 3.791818 3.947227 3.977366 4.194711 4.193277 3.867615 4.020720 4.020807 3.993984 4.087444 4.019228 3.984330 4.022617 4.022863 4.002984 4.084999 3.941778 4.159438 3.999269 4.229692 3.826053 4.090714 3.830824 4.145226 3.847635 4.098063 3.900577 3.896635 4.054361 4.234632 4.353214 4.263233 4.055607 4.184942 3.954672 3.993872 4.099255
 4.219972 3.905836 4.195835 4.106830 3.795179 4.017223 4.143207 4.071291 4.274181 4.119171 4.139504 4.173865 4.036908 4.091760 4.002006 4.049056 4.106864 4.010168 4.107270 3.866815 4.106452 3.930263 3.984199 4.049360 3.955286 3.874225 4.049491 4.188108 4.164873 4.290471 4.248621 4.114186 4.103487 3.965480 4.228039 4.141735 3.907970 3.951165 4.034501 3.958463 3.874974 4.134584 3.907692 4.157049 4.198409 4.130209 4.012772 4.024362 4.041673 4.123483
 3.958009 4.056219 4.110215 4.176443 4.074156 4.104973 4.105682 4.128979 4.212916 4.175091 4.011825 4.186670 4.052444 4.114147 4.039275 4.064046 4.013616 4.124517 4.129527 4.064010 3.819410 3.969275 3.896192 3.863812 4.161301 3.991114 4.205907 4.287767 4.112237 4.129366 4.091297 4.283934 4.010299 4.061263 4.203763 4.122989 4.130342 4.021641 4.047217 4.050295 3.914236 4.104309 4.164885 4.150897 4.096825 4.089130 4.185496 4.017668 4.183012 4.064259
 3.883445 4.145189 4.023207 4.141405 4.288090 4.258874 4.105594 4.142868 4.161692 4.229704 4.083187 4.053435 4.224356 4.260587 3.915327 3.881026 3.942899 4.006823 3.904301 4.163942 4.074217 3.910502 3.920787 3.801200 4.015444 4.131793 4.165216 3.980080 3.955550 3.949085 4.180631 4.244386 4.151943 4.139827 4.053044 4.301755 4.225663 4.114497 4.195211 3.968205 4.093861 4.215090 4.221416 4.211358 4.190763 4.095090 3.974349 3.964518 4.351817 3.970575
 4.103267 4.153506 4.068281 4.037517 4.240053 4.183626 4.018546 4.064690 4.251980 4.410584 4.259665 4.006100 3.994143 4.101433 4.303363 3.934776 3.941275 3.964035 4.039011 4.009326 4.140081 4.159920 3.926288 3.817641 3.964663 4.124048 4.011115 3.947968 4.141763 3.886482 4.064476 4.368428 4.268251 4.086006 4.290039 4.103600 4.038429 3.902043 3.947388 3.884909 3.940430 4.072587 4.032571 4.024397 4.145572 4.099392 4.017804 3.994111 4.008567 4.173983
 4.131051 4.108581 4.115028 3.912037 3.894041 4.044809 4.108261 4.141478 4.186035 4.113000 4.146489 4.130837 3.987846 4.167384 4.184768 4.079387 4.101636 3.995430 3.889786 4.048375 3.877169 4.121033 4.005762 4.141056 4.003674 3.969748 4.107967 3.970528 3.994690 4.137386 4.128039 4.219294 4.066080 4.328582 4.092405 4.085204 3.862543 3.898940 3.930061 3.923405 3.857455 4.172504 4.002552 4.259712 4.203445 4.037011 4.045517 3.820555 3.967503 3.871384
 3.968071 4.155897 4.186569 4.074518 4.084803 3.909653 4.135870 4.099967 4.154861 4.247563 4.153409 4.146018 4.240173 4.112914 4.086526 3.994388 4.028808 4.030178 3.920722 3.999595 3.831802 3.885932 3.973440 3.781131 3.932788 4.068983 4.118490 4.280878 4.055861 3.999609 4.073142 4.115608 4.298625 4.053020 4.058259 4.236858 4.030861 4.010712 4.032126 3.865582 3.896558 3.918268 4.179826 4.194190 4.253055 4.212132 4.204720 4.098944 4.004949 4.098197
 4.134298 3.971188 4.118022 4.163101 3.979637 4.083762 4.067435 4.023087 3.916516 4.208733 4.188644 4.322904 4.259311 4.103751 4.139365 3.992508 4.192207 4.215588 3.966016 3.847682 3.984952 4.131396 3.897325 4.012928 4.138478 4.141851 4.300517 4.103423 4.422896 4.099051 4.026928 4.197775 3.986271 4.192572 4.172659 4.293564 4.221524 4.110735 3.913514 4.066885 3.931822 4.072995 4.100755 4.112848 4.221252 4.229423 4.234435 4.216679 4.003771 4.005633
 4.290408 4.329309 4.046402 3.956434 4.114030 4.034214 3.998771 3.989566 4.003136 4.140355 3.970805 4.103322 3.963392 4.028172 4.111114 4.216605 4.161702 3.999661 3.937962 4.046950 4.066720 3.814352 4.013655 4.018441 4.193683 4.041311 4.092256 4.143996 3.865501 4.044930 4.123394 3.936246 4.022729 4.074905 4.149168 4.376238 4.311210 3.991755 3.991516 3.989381 4.088881 4.052298 3.770949 4.174535 4.036857 4.175100 4.096848 4.123862 4.090619 4.081608
 3.989582 4.082327 4.303183 4.130291 4.000870 4.142006 4.175741 3.876103 4.042849 4.200850 4.090165 4.136583 4.018990 4.118950 4.046110 4.017780 4.106557 4.126904 4.025130 3.948836 3.899920 3.998240 4.064627 3.950646 4.199841 4.024156 3.912997 3.964796 3.989588 3.968636 3.828515 3.883396 4.116606 4.039556 4.012002 4.029847 4.055388 4.001994 3.988138 4.009994 4.059603 3.936124 4.102105 3.895088 4.099573 3.913068 3.891717 4.051507 4.090537 3.960926
 3.906531 4.058273 3.853131 3.911640 4.105584 4.208022 4.149492 4.020295 4.109738 4.081217 4.213379 4.098905 4.191833 4.177939 4.039352 4.208175 4.370571 4.265517 3.770335 4.085361 3.972940 3.904507 4.071764 3.917532 4.111849 4.062769 4.171782 3.951921 3.996372 4.160748 4.111306 3.931967 4.191376 4.282667 3.964311 3.969828 3.999981 4.004014 4.190824 4.004868 4.189167 4.141710 4.057656 3.832997 3.895884 4.036662 4.026840 4.167109 4.059535 3.992280
 3.958408 3.769909 3.962689 3.904489 3.989737 3.967406 4.299240 4.111019 4.121536 3.898258 4.079243 3.895569 4.090630 4.262521 4.323917 4.354188 4.277981 4.056304 4.019308 3.988752 4.130857 4.178212 4.058519 4.006228 4.208208 4.087351 3.987292 4.024473 4.034832 4.002536 3.904935 4.102134 4.026906 4.120716 4.062138 4.014848 4.097875 3.985821 4.099714 4.297468 4.134608 4.091684 3.971985 4.060910 4.098423 4.049501 4.133746 4.189670 4.021169 4.096324
 4.162862 4.051789 3.954916 4.120008 4.087707 4.219165 4.163384 4.134738 3.931763 4.001084 3.955133 3.849199 3.943260 4.113116 4.252207 4.127870 4.151114 4.029496 4.214510 4.024418 4.207329 4.162463 4.187867 4.046383 4.069236 4.219055 3.936380 4.055592 4.029851 4.270363 4.054133 3.946950 4.013947 3.957436 4.086043 4.102211 3.987202 4.224118 4.081944 4.118782 4.043270 4.045492 4.260819 3.908310 4.179363 4.099407 3.932880 3.961444 3.854394 3.783843
 4.153496 4.026634 3.885787 3.941401 4.157304 4.252589 3.988875 4.211584 3.934180 4.012825 3.953567 4.122427 4.276425 4.038826 4.064922 4.120148 4.213909 4.073872 4.253502 4.116585 4.028526 4.215017 4.031059 4.152905 4.061336 3.969216 4.109308 4.054549 4.081115 4.186710 3.926001 3.729275 4.084290 4.206743 4.065225 3.868325 4.050968 4.032200 4.090349 3.944451 3.817685 3.972955 4.149927 4.079280 3.973054 4.053558 4.144303 3.915959 4.056690 3.977856
 4.089054 3.908916 3.947708 4.019856 4.283672 4.223866 4.186543 4.155036 3.927782 4.078500 4.031613 4.138864 4.157961 4.112758 4.172715 4.111754 4.056718 4.298644 3.988666 4.036634 4.197234 4.299453 4.087007 4.095177 3.987027 3.928882 4.127786 4.376691 4.118528 4.202180 3.924552 4.013324 4.376950 4.168844 4.125970 3.932849 3.950241 4.000060 4.004203 3.880781 4.044450 4.031373 4.080688 4.086407 3.976573 3.825718 3.915228 4.048017 4.034027 4.050964
 3.929039 4.142448 3.949671 4.108453 4.335165 4.117538 4.034182 4.189177 4.174894 4.020642 4.027534 4.081042 3.979612 4.000956 3.915199 4.139503 3.785579 4.049008 4.086576 4.060742 4.091265 4.009618 4.127364 3.959053 4.121147 4.439095 4.209111 4.212101 4.102459 3.913918 4.105185 4.261231 4.031513 4.271529 3.985900 4.185905 4.021542 4.092687 4.038595 3.864929 4.095930 3.942353 4.018160 4.112720 3.945610 3.751336 4.023508 4.024803 4.032441 3.988369
 4.180233 4.181330 3.990226 4.137603 4.091837 4.086334 4.301492 4.048155 4.127991 4.111648 3.861727 3.973596 4.007715 3.826672 3.885355 4.053949 4.076165 3.952709 4.136221 4.057052 4.375246 3.919589 3.900288 4.115529 4.048401 4.418633 4.204211 4.173838 4.249784 4.125770 3.945843 4.042757 4.118081 3.965042 4.197242 4.515302 4.126896 4.080726 3.971503 4.092649 4.028447 3.882607 3.989468 4.041810 4.012518 3.940912 4.006230 3.974040 4.092166 3.918281
 4.109160 4.237012 4.163455 3.920234 4.020269 4.169282 4.231741 4.170525 3.957526 3.988814 3.989231 3.994274 4.026375 4.122592 4.085104 4.134692 3.958615 4.208756 4.006136 4.269978 3.984176 3.977773 4.157417 4.011518 4.025608 4.005942 4.024723 4.135852 4.268650 4.221868 4.080446 3.929825 4.062571 4.085248 4.334685 4.128092 4.154951 4.101351 4.025681 4.143992 3.999501 4.024464 4.004165 4.054061 4.063840 4.032546 4.026674 4.233354 4.096595 3.966792
 4.323295 4.232276 4.016790 4.087220 4.108728 3.887896 4.013344 3.973676 4.214701 4.060668 4.071842 4.045314 4.134946 4.044512 3.984942 3.934616 4.035227 4.167247 4.319479 3.971263 3.985349 3.906781 4.087515 4.108662 3.932938 4.041792 3.922151 4.143101 4.012719 4.209088 4.056240 4.008349 4.079174 4.174278 4.007224 4.254292 4.233912 4.165821 4.180671 4.063694 4.006178 4.081730 4.119238 4.145521 4.243517 4.150064 4.075699 4.117101 4.171424 4.066364
 4.488608 4.156921 3.803254 3.928344 4.071239 4.060314 3.739496 3.981350 4.013337 4.007950 4.140748 4.061588 3.871058 3.995453 3.911041 3.905579 4.175799 4.143493 3.913728 4.207971 3.921724 3.987629 4.236200 4.071974 4.099953 3.999181 4.028130 4.134899 4.016178 4.081306 4.230719 4.102023 3.895574 3.988866 4.080943 4.195280 4.102408 4.122841 3.969499 4.056954 4.074232 3.849588 3.974904 4.291304 4.213752 4.108862 3.913264 4.070327 4.195953 4.116484
 4.175505 4.180993 3.900823 3.896567 3.945868 3.855840 4.159349 4.223346 4.040214 4.254752 4.098792 4.112622 4.267513 3.831370 3.931186 4.159418 4.002906 3.987658 4.099260 3.971438 3.879955 4.126662 4.069753 4.084279 4.094502 4.237159 4.025596 4.002322 4.215298 4.035306 4.196411 3.979767 4.072494 3.953986 3.968168 3.865243 3.931468 4.039279 4.175644 3.991782 4.113256 4.094096 4.061973 3.959232 4.007516 4.085542 4.024456 3.882600 4.093603 4.125939
 4.155404 3.948110 3.887320 4.024130 3.977246 3.764582 3.914567 4.148390 4.120185 4.183941 4.127041 4.157940 3.867490 4.190375 4.099792 3.976362 4.162348 4.074654 4.083030 3.817144 4.191796 3.961365 3.921546 4.017218 4.154436 4.122106 3.960264 3.906060 4.056585 4.122625 4.029307 4.033809 3.929513 4.086828 4.100257 4.046313 4.185702 4.009433 3.917066 4.010309 3.988352 4.087800 4.051553 3.886921 4.030683 3.975148 4.176950 3.986899 4.289258 4.047297
 4.108477 4.095085 3.985459 4.136889 3.993923 3.909316 4.008673 4.156601 4.148592 4.233969 4.325020 4.240167 3.949911 3.989910 4.102737 4.317017 4.184631 4.176816 4.070579 4.026473 3.931868 4.152596 3.785213 3.792761 3.852580 4.201984 3.931651 4.077192 4.042045 3.983773 4.133127 4.113618 3.906332 4.107782 4.190517 4.355773 4.172624 4.076736 4.011642 3.931276 4.250421 4.109567 4.116712 3.790701 4.028558 4.293416 4.049645 4.251212 4.002580 4.106196
 4.092508 4.217243 4.099019 3.871861 4.005411 4.122886 3.945112 3.923723 4.032543 4.114251 4.102629 3.777010 3.885596 3.823902 4.090122 4.074317 4.258759 4.059853 4.195414 4.208608 4.071705 3.955186 4.085022 3.973451 3.939775 3.988909 3.976483 4.089208 4.152952 4.329235 4.081445 4.021001 4.074833 4.068396 4.163120 3.971173 4.137643 4.155206 4.282273 4.188811 4.284522 4.150620 3.858816 4.223820 4.082541 4.067783 4.135904 3.917769 3.991511 3.925092
 4.135613 4.124823 3.974032 3.957561 3.960030 3.885012 3.954775 3.810678 3.881471 3.812356 3.936553 4.001422 3.883920 3.974431 4.257861 4.238493 4.061762 4.181015 4.171294 4.130911 4.133117 3.935366 4.027822 4.061406 3.990384 3.888917 3.957542 4.078637 4.178184 4.052328 4.054316 3.990338 4.171614 4.145543 4.153545 4.185865 3.990282 4.394964 3.990682 4.020856 4.087781 3.826887 3.915553 3.847177 4.063867 3.875407 4.083751 4.183020 4.143658 4.076710
 3.963671 4.052934 3.925296 3.988359 4.185491 3.984273 4.120514 4.039125 3.692941 4.149352 4.191058 4.093480 3.911021 3.848636 4.269122 4.174608 4.011851 4.023916 4.009312 4.063583 4.009216 3.934510 4.116356 4.094586 4.043642 4.111828 4.029782 4.309947 4.020280 3.888070 4.115362 3.883825 3.882671 4.074068 4.035704 4.155257 4.164351 4.133059 4.138561 3.948581 3.919059 4.084301 3.954938 3.825344 3.699431 3.965286 4.060636 4.054490 3.866470 4.135085
 4.294625 4.195238 4.062204 3.890030 4.015939 3.968976 4.193288 3.977674 3.928105 4.139478 3.861092 3.969004 3.984619 4.206182 4.139056 4.073361 3.982865 4.052512 4.015809 3.979916 3.972305 4.086323 4.089774 3.887461 4.230529 4.153839 4.260918 4.098739 4.013942 4.210666 3.861557 3.960701 3.932840 4.252754 3.931585 4.300485 4.091863 4.109681 4.099718 4.155155 4.071481 4.054822 3.819428 3.915680 3.882459 4.103266 4.119003 3.911653 3.889717 4.097051
 4.098237 4.144786 4.022601 3.933830 3.883376 3.791526 4.041766 3.900786 3.738959 3.899762 3.958744 4.015420 3.914186 4.162328 4.215546 3.986030 4.078993 3.966924 4.147249 4.061618 3.997319 3.979936 3.971009 4.171000 4.030491 4.330131 4.112086 4.028423 4.187329 4.122164 4.154156 4.016772 4.011114 4.012706 4.089132 4.112714 4.250208 4.180031 4.131462 4.126793 4.316144 4.229990 4.002383 3.948615 3.933877 3.992817 4.083464 4.050967 4.154249 4.051353
 4.228349 4.112398 3.973815 4.074136 3.933832 3.904926 3.960318 4.081251 4.098813 3.963312 4.045200 3.972726 4.095623 4.066941 4.136317 4.039513 4.110369 4.096616 3.926777 4.076738 4.038467 4.056019 4.161572 4.022375 4.028929 4.264816 4.097886 3.876541 4.099503 3.969272 4.005427 3.984809 3.983309 4.143807 4.123127 4.207552 4.274049 4.084403 4.008301 4.042521 4.305108 4.157891 4.155777 4.083724 4.004369 4.036275 4.202595 4.238841 4.020194 4.179993
 4.194048 4.226171 4.044503 4.241703 3.913818 3.976000 4.177319 4.101802 4.159571 4.182274 4.279224 4.182304 4.070735 3.949596 4.264956 4.071930 3.833159 4.201189 3.996284 4.039238 4.075575 4.151001 4.060937 3.927018 3.926243 4.102930 4.040409 4.000594 4.086125 4.157611 3.946415 4.185905 3.948910 3.989047 4.047446 4.338307 4.056426 3.994926 4.092717 4.209508 3.914138 4.060965 4.004999 4.026662 4.095071 3.915101 3.926943 4.308185 3.969244 4.150500
 4.248628 3.990097 4.011100 4.096349 4.046106 4.176322 4.279121 4.145845 4.115047 3.864505 3.913365 4.139974 4.084310 4.286356 4.355592 3.989361 4.272904 4.214934 4.085578 4.239046 4.117033 4.027930 4.009460 4.103740 4.200727 4.044810 4.077856 4.212430 3.846066 4.004786 4.235729 4.259804 4.295926 4.068672 4.004856 3.870302 3.839079 3.954587 3.863551 4.160331 4.293708 4.072345 3.795667 4.143311 4.139462 4.085822 4.109056 4.173026 4.356782 4.377727
 4.230008 4.126032 4.218413 4.038265 4.205403 4.309967 4.152661 4.102248 3.959516 3.978752 3.918105 3.902613 4.035108 4.201489 4.061699 4.098766 4.338287 4.051430 4.284151 4.085042 4.413276 4.095097 4.047995 4.064242 4.033286 4.137022 4.188288 4.106611 4.116900 3.707263 4.024032 4.119067 4.211290 4.127218 3.973845 4.021349 4.041624 4.059102 4.191153 4.143600 4.327847 4.024229 3.881227 3.979104 4.332196 3.893499 3.979289 4.069731 4.050816 3.989079
 4.263560 3.897126 4.101987 4.249525 4.052269 4.349666 4.152345 4.060826 4.125580 3.909649 4.003331 4.197278 4.039369 3.966387 4.106029 4.078160 4.117806 4.232143 4.091016 4.079867 4.018308 3.978465 4.130954 4.011695 4.051437 4.207471 4.277712 4.087326 4.012162 3.893043 3.825295 4.175885 4.021069 3.872422 4.008377 4.130033 4.031891 4.147095 4.182907 3.968901 4.000136 4.062944 3.909819 3.914793 4.107035 3.969643 3.840361 3.972529 3.827435 3.685773
 4.051283 4.114992 4.028672 4.139950 4.113250 4.052610 4.184414 4.150317 4.167589 3.912439 3.952544 4.036032 4.293501 4.113224 4.179651 4.066406 4.022583 4.296227 4.108625 3.935010 4.019018 4.254989 3.946695 4.073719 4.063727 4.236483 4.124739 4.143121 4.040348 3.888586 4.157417 4.080729 4.047763 3.951424 4.073232 4.069580 4.063885 4.069134 3.991110 4.228164 4.095045 4.052648 3.990719 3.971714 3.728185 3.885697 4.082505 4.024323 3.971687 4.137678
 3.933565 4.092830 4.141673 4.061306 3.938108 4.018198 4.200008 4.201295 4.178280 3.935503 3.956023 4.342790 4.193186 4.207482 4.179501 4.008573 4.129555 4.184795 3.865221 3.862034 3.976117 3.963463 4.254492 4.114550 3.947024 3.961420 4.257778 4.108029 4.016892 4.034416 4.027859 4.129685 4.220273 4.102109 4.102457 4.095729 4.183550 4.064531 3.891564 4.197660 4.217609 4.205437 4.088579 3.994703 3.851485 4.040260 4.034967 4.040710 4.168992 3.993581
 3.919098 3.948107 4.276811 4.157124 4.088997 4.014909 4.027622 4.080407 3.945267 3.951495 3.971684 4.180103 4.206326 4.430460 4.106728 4.135598 4.227717 4.024786 3.993517 4.055234 4.062283 4.124818 4.074964 4.194659 3.845334 3.916969 4.068376 4.229878 4.251563 3.993840 4.142513 3.943712 4.258401 4.168446 4.159125 4.158917 4.123566 3.901516 3.777275 4.167487 4.342651 4.356140 4.305376 4.011704 4.150726 4.099104 4.131535 4.135921 4.001771 4.155573
 3.691134 4.124059 4.014959 3.913838 4.167532 4.068092 3.637264 3.956956 4.046180 4.040781 4.008139 4.186407 4.362207 4.109817 4.248535 4.232016 4.172820 3.968269 3.943146 3.938540 4.270203 4.110333 4.145935 4.189110 4.011968 3.902064 4.166873 4.242400 4.093202 4.049537 3.940180 4.083850 3.872788 4.174552 4.364803 4.273111 4.000739 4.082726 4.004107 4.073136 4.188729 4.147632 4.165071 4.209353 4.043953 4.004687 3.903110 4.036395 4.219322 4.151377
 4.147310 4.017512 3.972199 4.232309 4.209914 3.989251 3.896405 3.997856 3.931047 4.009171 4.000314 4.396864 4.177202 4.103419 4.110677 4.226495 4.005247 4.151868 3.900255 4.175035 4.262431 4.229225 4.272402 4.058427 4.073389 4.040754 3.806534 4.186825 4.022768 3.920529 3.871221 4.181484 3.978509 4.051710 4.137363 4.019518 4.126002 4.023973 4.024784 4.147872 4.375853 4.064080 4.164720 4.066464 3.951316 4.208536 4.009300 4.056183 4.181705 4.137178
 4.078838 4.023406 4.064713 4.165811 4.055698 4.010994 3.987244 4.138476 4.323642 3.868506 4.043230 4.210158 3.998537 3.998467 4.041037 4.074553 4.029962 4.065767 4.053514 4.183198 4.173665 3.998801 3.989445 4.140965 4.132750 3.981311 4.153949 3.681340 3.954664 3.909424 4.076101 3.900586 3.929586 4.259440 4.338466 3.870708 4.068506 4.294225 4.205181 4.086081 3.903248 4.003125 4.068007 4.072787 3.914472 3.926682 3.929639 4.158683 4.094475 3.939584
