0.686 0.906 0.949 0.387 0.463 0.661 0.326 0.551 0.355 0.633 
0.148 0.611 0.553 0.664 0.669 0.301 0.434 0.070 0.113 0.290 
0.962 0.235 0.217 0.170 0.788 0.987 0.401 0.227 0.745 0.922 
0.791 0.000 0.505 0.058 0.409 0.351 0.038 0.412 0.323 0.352 
0.619 0.805 0.697 0.797 0.568 0.218 0.485 0.993 0.027 0.791 
0.793 0.707 0.794 0.795 0.732 0.133 0.240 0.929 0.533 0.931 
0.800 0.727 0.237 0.090 0.610 0.430 0.639 0.798 0.356 0.550 
0.650 0.801 0.742 0.423 0.821 0.789 0.004 0.681 0.752 0.455 
0.936 0.261 0.029 0.630 0.636 0.220 0.148 0.620 0.693 0.636 
0.608 0.764 0.541 0.465 0.969 0.355 0.748 0.039 0.407 0.736 
0.790 0.738 0.287 0.042 0.081 0.105 0.908 0.933 0.015 0.544 
0.761 0.705 0.580 0.290 0.509 0.808 0.392 0.520 0.301 0.713 
0.410 0.729 0.642 0.621 0.676 0.636 0.416 0.612 0.832 0.449 
0.539 0.778 0.054 0.310 0.643 0.893 0.750 0.459 0.783 0.472 
0.913 0.047 0.101 0.702 0.763 0.625 0.081 0.308 0.947 0.768 
0.122 0.768 0.309 0.489 0.286 0.069 0.709 0.584 0.705 0.189 
0.368 0.757 0.702 0.320 0.236 0.403 0.887 0.848 0.813 0.740 
0.011 0.313 0.894 0.707 0.227 0.695 0.704 0.988 0.807 0.992 
0.943 0.543 0.199 0.999 0.803 0.445 0.293 0.661 0.653 0.810 
0.570 0.522 0.702 0.873 0.632 0.601 0.569 0.748 0.314 0.728 
0.063 0.975 0.029 0.312 0.385 0.015 0.381 0.706 0.158 0.067 
0.492 0.286 0.438 0.704 0.365 0.288 0.405 0.542 0.663 0.425 
0.236 0.514 0.934 0.778 0.156 0.828 0.646 0.331 0.884 0.206 
0.071 0.794 0.301 0.663 0.357 0.267 0.816 0.079 0.989 0.607 
0.909 0.487 0.909 0.777 0.050 0.470 0.571 0.528 0.124 0.116 
0.650 0.348 0.795 0.108 0.784 0.804 0.917 0.527 0.538 0.383 
0.200 0.698 0.656 0.230 0.133 0.520 0.414 0.588 0.909 0.294 
0.530 0.065 0.769 0.527 0.832 0.470 0.857 0.050 0.279 0.716 
0.279 0.221 0.748 0.184 0.073 0.951 0.748 0.233 0.225 0.395 
0.684 0.766 0.874 0.162 0.929 0.369 0.741 0.161 0.208 0.596 
0.663 0.103 0.736 0.163 0.382 0.602 0.315 0.132 0.640 0.560 
0.738 0.830 0.920 0.271 0.868 0.886 0.979 0.389 0.465 0.585 
0.809 0.734 0.941 0.752 0.025 0.050 0.274 0.583 0.829 0.353 
0.822 0.354 0.914 0.962 0.976 0.306 0.767 0.376 0.307 0.499 
0.291 0.326 0.069 0.666 0.934 0.019 0.170 0.652 0.980 0.807 
0.066 0.175 0.298 0.962 0.505 0.227 0.283 0.183 0.272 0.165 
0.283 0.981 0.093 0.363 0.050 0.461 0.653 0.170 0.366 0.996 
0.664 0.777 0.227 0.005 0.609 0.063 0.463 0.595 0.767 0.794 
0.277 0.993 0.598 0.051 0.414 0.677 0.675 0.164 0.581 0.920 
0.790 0.706 0.417 0.285 0.338 0.821 0.826 0.860 0.731 0.783 
0.080 0.735 0.037 0.722 0.752 0.687 0.892 0.069 0.225 0.758 
0.095 0.338 0.907 0.854 0.969 0.596 0.975 0.154 0.545 0.802 
0.596 0.657 0.226 0.293 0.235 0.812 0.762 0.411 0.296 0.254 
0.682 0.379 0.455 0.453 0.137 0.056 0.572 0.533 0.214 0.808 
0.951 0.819 0.555 0.859 0.378 0.427 0.261 0.643 0.205 0.603 
0.916 0.820 0.352 0.765 0.944 0.219 0.509 0.005 0.223 0.974 
0.057 0.810 0.084 0.124 0.163 0.135 0.571 0.919 0.319 0.869 
0.188 0.557 0.824 0.459 0.459 0.994 0.522 0.936 0.663 0.191 
0.713 0.379 0.312 0.265 0.512 0.366 0.862 0.306 0.646 0.235 
0.886 0.343 0.449 0.827 0.426 0.373 0.699 0.802 0.340 0.793 
0.235 0.194 0.041 0.658 0.738 0.151 0.295 0.962 0.691 0.105 
0.890 0.256 0.447 0.367 0.738 0.036 0.291 0.295 0.478 0.360 
0.861 0.770 0.222 0.696 0.454 0.824 0.304 0.049 0.099 0.274 
0.775 0.329 0.354 0.098 0.084 0.591 0.874 0.886 0.348 0.554 
0.421 0.211 0.320 0.704 0.011 0.077 0.221 0.097 0.460 0.791 
0.273 0.992 0.032 0.097 0.501 0.819 0.350 0.038 0.397 0.481 
0.438 0.726 0.002 0.939 0.644 0.462 0.617 0.335 0.517 0.360 
0.063 0.835 0.619 0.867 0.458 0.790 0.512 0.899 0.731 0.488 
0.329 0.276 0.887 0.060 0.735 0.225 0.547 0.751 0.036 0.003 
0.079 0.902 0.289 0.860 0.539 0.260 0.458 0.329 0.579 0.658 
0.852 0.835 0.397 0.170 0.319 0.936 0.220 0.479 0.524 0.257 
0.745 0.856 0.671 0.419 0.948 0.834 0.034 0.006 0.730 0.550 
0.001 0.416 0.175 0.239 0.478 0.498 0.731 0.824 0.326 0.559 
0.723 0.752 0.909 0.710 0.443 0.106 0.565 0.256 0.136 0.012 
0.939 0.501 0.394 0.511 0.303 0.890 0.735 0.640 0.802 0.703 
0.730 0.218 0.643 0.415 0.535 0.133 0.936 0.880 0.592 0.824 
0.295 0.710 0.565 0.828 0.281 0.420 0.699 0.564 0.595 0.691 
0.866 0.631 0.689 0.967 0.313 0.810 0.651 0.222 0.193 0.164 
0.324 0.842 0.025 0.006 0.146 0.302 0.725 0.363 0.075 0.945 
0.322 0.285 0.317 0.654 0.059 0.010 0.206 0.511 0.807 0.538 
0.842 0.563 0.435 0.861 0.160 0.107 0.627 0.692 0.664 0.014 
0.343 0.370 0.225 0.718 0.982 0.926 0.447 0.537 0.494 0.080 
0.979 0.168 0.450 0.841 0.598 0.757 0.565 0.191 0.731 0.839 
0.251 0.327 0.132 0.447 0.025 0.338 0.187 0.181 0.071 0.732 
0.833 0.703 0.790 0.252 0.905 0.777 0.830 0.461 0.285 0.949 
0.352 0.665 0.316 0.733 0.561 0.147 0.365 0.701 0.220 0.827 
0.498 0.579 0.615 0.783 0.526 0.364 0.872 0.767 0.529 0.591 
0.723 0.982 0.652 0.537 0.493 0.867 0.109 0.833 0.672 0.843 
0.255 0.601 0.803 0.352 0.996 0.888 0.982 0.208 0.680 0.356 
0.820 0.412 0.388 0.677 0.480 0.846 0.600 0.420 0.324 0.048 
0.832 0.922 0.467 0.759 0.095 0.951 0.694 0.637 0.788 0.196 
0.399 0.985 0.647 0.608 0.002 0.855 0.695 0.473 0.749 0.616 
0.637 0.461 0.150 0.616 0.468 0.516 0.655 0.143 0.676 0.527 
0.686 0.621 0.429 0.353 0.265 0.698 0.958 0.567 0.449 0.861 
0.033 0.076 0.655 0.788 0.626 0.864 0.088 0.921 0.822 0.566 
0.106 0.310 0.102 0.770 0.255 0.232 0.857 0.490 0.250 0.494 
0.077 0.789 0.155 0.837 0.323 0.296 0.831 0.060 0.215 0.038 
0.674 0.141 0.135 0.821 0.671 0.662 0.911 0.833 0.321 0.095 
0.547 0.381 0.551 0.982 0.944 0.997 0.018 0.683 0.289 0.447 
0.157 0.262 0.210 0.493 0.892 0.213 0.792 0.724 0.064 0.043 
0.843 0.905 0.322 0.738 0.488 0.141 0.294 0.070 0.687 0.539 
0.213 0.278 0.401 0.090 0.622 0.228 0.809 0.961 0.058 0.572 
0.938 0.767 0.269 0.096 0.992 0.077 0.589 0.621 0.714 0.327 
0.355 0.699 0.788 0.404 0.344 0.123 0.939 0.639 0.247 0.600 
0.017 0.493 0.491 0.556 0.887 0.237 0.041 0.920 0.784 0.179 
0.485 0.797 0.574 0.799 0.291 0.970 0.569 0.329 0.987 0.418 
0.841 0.378 0.723 0.728 0.060 0.797 0.134 0.003 0.339 0.697 
0.619 0.598 0.997 0.018 0.563 0.283 0.047 0.556 0.242 0.127 
0.681 0.534 0.900 0.130 0.606 0.098 0.201 0.248 0.328 0.540 
0.263 0.794 0.090 0.263 0.346 0.125 0.126 0.420 0.277 0.935 
