0.222 0.519 0.248 
0.940 0.919 0.763 
0.043 0.241 0.073 
0.580 0.950 0.831 
0.271 0.212 0.536 
0.080 0.707 0.757 
0.603 0.538 0.901 
0.767 0.600 0.007 
0.633 0.189 0.076 
0.733 0.779 0.034 
0.410 0.470 0.277 
0.924 0.667 0.830 
0.474 0.802 0.965 
0.663 0.775 0.233 
0.629 0.484 0.292 
0.721 0.210 0.064 
0.705 0.899 0.270 
0.863 0.155 0.361 
0.496 0.113 0.389 
0.450 0.491 0.736 
0.044 0.024 0.867 
0.319 0.663 0.155 
0.067 0.498 0.706 
0.368 0.445 0.852 
0.821 0.816 0.007 
0.351 0.212 0.434 
0.303 0.548 0.172 
0.302 0.275 0.244 
