0.892 0.284 0.830 0.787 0.877 0.865 0.847 0.279 0.639 0.182 
0.726 0.795 0.837 0.049 0.623 0.251 0.656 0.843 0.486 0.527 
0.423 0.817 0.799 0.518 0.471 0.870 0.288 0.184 0.055 0.866 
0.841 0.627 0.934 0.785 0.130 0.074 0.500 0.653 0.622 0.502 
0.894 0.213 0.075 0.469 0.201 0.999 0.922 0.783 0.916 0.198 
0.977 0.027 0.298 0.184 0.651 0.712 0.211 0.881 0.167 0.321 
0.421 0.911 0.857 0.796 0.497 0.746 0.002 0.761 0.309 0.236 
0.645 0.922 0.478 0.470 0.062 0.817 0.230 0.135 0.068 0.160 
0.625 0.717 0.908 0.902 0.704 0.411 0.367 0.828 0.506 0.132 
0.729 0.370 0.126 0.295 0.628 0.494 0.800 0.142 0.995 0.704 
0.590 0.369 0.436 0.174 0.532 0.488 0.726 0.851 0.032 0.951 
0.077 0.239 0.439 0.449 0.631 0.273 0.630 0.192 0.744 0.881 
0.901 0.626 0.479 0.717 0.267 0.351 0.033 0.664 0.900 0.193 
0.643 0.940 1.000 0.265 0.037 0.671 0.394 0.723 0.532 0.919 
0.090 0.010 0.459 0.110 0.188 0.413 0.178 0.320 0.929 0.619 
0.757 0.892 0.045 0.347 0.251 0.131 0.907 0.198 0.912 0.558 
0.146 0.427 0.536 0.512 0.267 0.002 0.577 0.958 0.171 0.801 
0.485 0.813 0.828 0.450 0.809 0.911 0.415 0.944 0.253 0.429 
0.635 0.196 0.747 0.640 0.909 0.252 0.702 0.020 0.880 0.615 
0.384 0.778 0.154 0.853 0.584 0.200 0.521 0.498 0.840 0.121 
0.025 0.402 0.264 0.646 0.445 0.510 0.388 0.652 0.562 0.935 
0.133 0.738 0.235 0.390 0.351 0.217 0.063 0.187 0.765 0.434 
0.107 0.715 0.020 0.369 0.458 0.330 0.736 0.370 0.747 0.093 
0.524 0.743 0.482 0.652 0.058 0.452 0.396 0.834 0.341 0.458 
0.994 0.448 0.715 0.452 0.018 0.873 0.753 0.471 0.729 0.385 
0.688 0.736 0.635 0.128 0.496 0.416 0.552 0.263 0.588 0.902 
0.606 0.205 0.903 0.297 0.514 0.134 0.924 0.176 0.663 0.822 
0.479 0.106 0.020 0.149 0.971 0.138 0.919 0.610 0.587 0.510 
0.102 0.771 0.804 0.939 0.534 0.705 0.916 0.142 0.475 0.084 
0.573 0.007 0.506 0.438 0.102 0.662 0.236 0.076 0.022 0.026 
0.636 0.884 0.566 0.960 0.850 0.468 0.688 0.882 0.474 0.130 
0.563 0.735 0.705 0.505 0.647 0.470 0.914 0.501 0.441 0.991 
0.534 0.757 0.513 0.922 0.032 0.186 0.214 0.537 0.684 0.908 
0.229 0.009 0.320 0.224 0.112 0.082 0.894 0.885 0.197 0.808 
0.101 0.894 0.237 0.330 0.629 0.751 0.157 0.888 0.264 0.117 
0.632 0.917 0.619 0.748 0.861 0.804 0.938 0.986 0.125 0.612 
0.904 0.716 0.239 0.864 0.252 0.515 0.454 0.835 0.874 0.583 
0.845 0.478 0.758 0.762 0.171 0.511 0.216 0.559 0.566 0.412 
0.169 0.924 0.476 0.705 0.772 0.029 0.887 0.203 0.532 0.664 
0.518 0.543 0.356 0.874 0.164 0.734 0.108 0.302 0.156 0.455 
0.454 0.443 0.176 0.692 0.013 0.664 0.242 0.992 0.202 0.792 
0.055 0.418 0.903 0.915 0.392 0.210 0.347 0.162 0.009 0.466 
0.459 0.066 0.631 0.831 0.105 0.339 0.506 0.760 0.229 0.250 
0.379 0.179 0.341 0.732 0.621 0.455 0.131 0.343 0.903 0.559 
0.261 0.061 0.274 0.863 0.203 0.571 0.687 0.401 0.140 0.169 
0.735 0.816 0.902 0.379 0.841 0.042 0.922 0.862 0.037 0.803 
0.700 0.014 0.571 0.792 0.620 0.135 0.737 0.629 0.999 0.586 
0.935 0.274 0.881 0.040 0.385 0.934 0.366 0.717 0.863 0.476 
0.251 0.046 0.550 0.144 0.100 0.955 0.972 0.544 0.105 0.759 
0.322 0.102 0.606 0.690 0.418 0.817 0.143 0.384 0.028 0.183 
0.367 0.625 0.632 0.268 0.941 0.393 0.015 0.687 0.662 0.026 
0.456 0.713 0.235 0.341 0.480 0.490 0.097 0.369 0.032 0.527 
0.038 0.757 0.088 0.547 0.378 0.921 0.591 0.026 0.268 0.486 
0.791 0.299 0.393 0.256 0.301 0.386 0.362 0.039 0.716 0.894 
0.450 0.856 0.244 0.657 0.815 0.506 0.897 0.775 0.310 0.113 
0.599 0.656 0.416 0.752 0.059 0.919 0.034 0.474 0.673 0.006 
0.382 0.236 0.196 0.419 0.181 0.564 0.023 0.559 0.764 0.125 
0.492 0.536 0.379 0.078 0.142 0.526 0.691 0.156 0.373 0.851 
0.974 0.069 0.745 0.073 0.011 0.407 0.409 0.753 0.454 0.006 
0.251 0.100 0.499 0.767 0.281 0.728 0.311 0.152 0.589 0.523 
0.626 0.889 0.324 0.126 0.791 0.191 0.423 0.224 0.895 0.438 
0.677 0.145 0.349 0.751 0.890 0.521 0.520 0.569 0.106 0.237 
0.269 0.325 0.840 0.144 0.619 0.599 0.622 0.395 0.365 0.009 
0.368 0.049 0.702 0.891 0.325 0.086 0.192 0.763 0.276 0.223 
0.355 0.014 0.639 0.364 0.204 0.280 0.463 0.430 0.340 0.904 
0.963 0.606 0.485 0.173 0.974 0.876 0.563 0.684 0.677 0.866 
0.690 0.918 0.803 0.137 0.204 0.268 0.942 0.978 0.506 0.569 
0.099 0.330 0.371 0.324 0.622 0.900 0.639 0.114 0.619 0.915 
0.259 0.201 0.241 0.831 0.839 0.933 0.083 0.897 0.078 0.984 
0.954 0.436 0.586 0.840 0.032 0.796 0.537 0.449 0.685 0.957 
0.857 0.124 0.463 0.085 0.609 0.847 0.135 0.727 0.514 0.137 
0.233 0.224 0.862 0.623 0.588 0.725 0.561 0.224 0.280 0.391 
0.104 0.074 0.512 0.365 0.364 0.751 0.920 0.474 0.326 0.963 
0.160 0.316 0.316 0.401 0.818 0.369 0.460 0.504 0.997 0.383 
0.793 0.194 0.014 0.201 0.782 0.141 0.417 0.344 0.309 0.532 
0.336 0.839 0.843 0.624 0.097 0.792 0.073 0.050 0.463 0.239 
0.143 0.347 0.001 0.241 0.725 0.994 0.103 0.904 0.696 0.489 
0.323 0.018 0.811 0.149 0.429 0.078 0.221 0.126 0.429 0.811 
0.808 0.951 0.944 0.710 0.519 0.664 0.638 0.356 0.649 0.597 
0.384 0.702 0.284 0.419 0.293 0.192 0.956 0.273 0.246 0.227 
0.996 0.481 0.261 0.383 0.359 0.569 0.544 0.881 0.301 0.732 
0.002 0.776 0.020 0.392 0.535 0.706 0.837 0.859 0.477 0.538 
0.820 0.481 0.181 0.256 0.152 0.030 0.060 0.628 0.660 0.912 
0.460 0.316 0.852 0.282 0.911 0.578 0.760 0.742 0.602 0.737 
0.399 0.753 0.398 0.829 0.518 0.103 0.943 0.037 0.607 0.175 
0.945 0.983 0.442 0.123 0.714 0.834 0.148 0.334 0.452 0.944 
0.260 0.018 0.516 0.325 0.820 0.259 0.782 0.038 0.968 0.025 
0.598 0.969 0.143 0.342 0.997 0.766 0.895 0.901 0.726 0.072 
0.816 0.481 0.678 0.132 0.209 0.278 0.868 0.964 0.729 0.319 
0.379 0.245 0.517 0.616 0.483 0.656 0.097 0.687 0.107 0.212 
0.508 0.569 0.431 0.817 0.444 0.466 0.071 0.538 0.355 0.872 
0.846 0.897 0.907 0.065 0.445 0.868 0.245 0.236 0.093 0.143 
0.104 0.370 0.022 0.195 0.047 0.768 0.405 0.842 0.734 0.362 
0.633 0.230 0.837 0.605 0.285 0.115 0.469 0.981 0.731 0.747 
0.683 0.450 0.139 0.849 0.178 0.305 0.069 0.778 0.232 0.295 
0.819 0.437 0.689 0.278 0.790 0.723 0.465 0.907 0.103 0.748 
0.954 0.705 0.081 0.673 0.479 0.502 0.680 0.842 0.903 0.084 
0.746 0.496 0.347 0.639 0.253 0.439 0.212 0.807 0.028 0.768 
0.797 0.247 0.244 0.117 0.556 0.036 0.969 0.743 0.839 0.606 
0.432 0.229 0.213 0.307 0.720 0.713 0.844 0.373 0.099 0.363 
