 nan 0.000000 0.000000 0.000000 0.009443 0.004740 0.000031 0.000002 0.000000 0.007454 0.014907 0.000000 0.000000 0.000000 0.000000 0.000000 0.000000 0.010000 0.000000 0.000000 0.000000 0.000000 0.000000 0.000000 0.000000 0.000000 0.000000 0.034641 0.017320 0.000000 0.000000 0.000000 0.000000 0.000000 0.000000 0.000000 0.000000 0.000000 0.000000 0.031623 0.000000 0.000000 0.000000 0.000000 0.000000 0.000000 0.000000 0.000000 0.000000 0.000000
 0.000000 0.000000 0.000000 0.000000 0.006463 0.003152 0.000021 0.000001 0.000000 0.004969 0.009938 0.000000 0.000000 0.000000 0.000000 0.000000 0.000000 0.006667 0.000000 0.000000 0.000000 0.000000 0.000000 0.000000 0.000000 0.000000 0.000000 0.023094 0.011547 0.000000 0.000000 0.000000 0.000000 0.000000 0.000000 0.000000 0.000000 0.000000 0.000000 0.021082 0.000000 0.000000 0.000000 0.000000 0.000000 0.000000 0.000000 0.000000 0.000000 0.000000
 0.000000 0.000000 0.000000 0.000000 0.006285 0.003154 0.000012 0.000004 0.000007 0.004971 0.009939 0.000001 0.000000 0.000000 0.000000 0.000000 0.000000 0.006667 0.000000 0.000000 0.000000 0.000000 0.000000 0.000000 0.000000 0.000000 0.000000 0.023094 0.011547 0.000000 0.000000 0.000000 0.000000 0.000000 0.000000 0.000000 0.000000 0.000000 0.000000 0.021082 0.000000 0.000000 0.000000 0.000000 0.000000 0.000000 0.000000 0.000000 0.000000 0.000000
 0.009999 0.005555 0.002223 0.000001 0.006285 0.003143 0.000002 0.000004 0.000376 0.005059 0.009959 0.000024 0.000004 0.000001 0.000000 0.000000 0.000000 0.006667 0.000000 0.000000 0.000000 0.000000 0.000000 0.000000 0.000000 0.000000 0.000000 0.023309 0.011495 0.000000 0.000000 0.000000 0.000000 0.000000 0.000000 0.000000 0.000000 0.000000 0.000000 0.021082 0.000001 0.000000 0.000000 0.000000 0.000000 0.000000 0.000000 0.000000 0.000000 0.000000
 0.000001 0.001111 0.004443 0.006665 0.006890 0.004698 0.000000 0.000000 0.000127 0.007874 0.010817 0.000853 0.000160 0.000025 0.000004 0.000000 0.000000 0.006667 0.000000 0.000000 0.000000 0.000000 0.000000 0.000000 0.000000 0.000000 0.000000 0.012342 0.022300 0.000000 0.000000 0.000000 0.000000 0.000000 0.000000 0.000000 0.000000 0.000000 0.000000 0.015855 0.008784 0.000086 0.000000 0.000000 0.000000 0.000000 0.000000 0.000000 0.000000 0.000000
 0.000000 0.000000 0.000000 0.000000 0.018652 0.011533 0.009428 0.008933 0.004227 0.006811 0.013327 0.004430 0.002821 0.000884 0.000157 0.000019 0.000001 0.025286 0.014741 0.014741 0.014741 0.014741 0.014741 0.014741 0.014741 0.014741 0.007487 0.047487 0.017783 0.000001 0.000000 0.000000 0.000000 0.000000 0.000000 0.000000 0.000000 0.000000 0.000000 0.003586 0.012955 0.007263 0.000033 0.000000 0.000000 0.000000 0.000000 0.000000 0.000000 0.000000
 0.000000 0.000000 0.000000 0.002347 0.014907 0.000782 0.000000 0.000495 0.005201 0.008392 0.013831 0.004581 0.003412 0.004409 0.002727 0.000899 0.037479 0.016157 0.007370 0.007370 0.007370 0.007370 0.007370 0.007370 0.007370 0.007370 0.014627 0.025065 0.001210 0.000001 0.000472 0.000157 0.000000 0.000000 0.000000 0.000000 0.000472 0.000157 0.000000 0.000005 0.004357 0.013168 0.005022 0.000013 0.000000 0.000000 0.000000 0.000370 0.000123 0.000000
 0.000000 0.000000 0.000036 0.021566 0.006671 0.000000 0.000000 0.000000 0.000000 0.000000 0.005773 0.010486 0.009426 0.009504 0.009742 0.037936 0.012657 0.000000 0.000000 0.000000 0.000000 0.000000 0.000000 0.000000 0.000000 0.000000 0.000000 0.006923 0.006686 0.000000 0.000157 0.000157 0.000000 0.000000 0.000000 0.000000 0.000157 0.000157 0.000000 0.000000 0.000014 0.006021 0.012887 0.002948 0.000005 0.000000 0.000000 0.000123 0.000123 0.000000
 0.000000 0.000000 0.022312 0.007454 0.000000 0.000000 0.000000 0.000000 0.000000 0.000000 0.000000 0.000002 0.000011 0.000127 0.012960 0.022543 0.000122 0.000000 0.000000 0.000000 0.000000 0.000000 0.000000 0.000000 0.000000 0.000000 0.000000 0.000122 0.013349 0.000000 0.000000 0.000000 0.000000 0.000000 0.000000 0.000000 0.000000 0.000000 0.000000 0.000000 0.000000 0.000035 0.007656 0.012013 0.001375 0.000002 0.000000 0.000000 0.000000 0.000000
 0.000000 0.020013 0.008248 0.000012 0.000000 0.000000 0.000000 0.000000 0.000000 0.000000 0.000000 0.000000 0.000010 0.001759 0.031723 0.010674 0.000000 0.000000 0.000000 0.000000 0.000000 0.000000 0.000000 0.000000 0.000000 0.000000 0.000000 0.000000 0.013333 0.000000 0.000000 0.000000 0.000000 0.000000 0.000000 0.000000 0.000000 0.000000 0.000000 0.000000 0.000000 0.000000 0.000091 0.009309 0.011103 0.000578 0.000001 0.000000 0.000000 0.000000
 0.016000 0.012092 0.000782 0.000000 0.000000 0.000000 0.000000 0.000000 0.000000 0.000000 0.000000 0.000001 0.000171 0.017518 0.021999 0.001544 0.000000 0.000000 0.000000 0.000000 0.000000 0.000000 0.000000 0.000000 0.000000 0.000000 0.000000 0.000000 0.013333 0.000000 0.000000 0.000000 0.000000 0.000000 0.000000 0.000000 0.000000 0.000000 0.000000 0.000000 0.000000 0.000000 0.000000 0.000231 0.010306 0.010377 0.001111 0.001705 0.002739 0.004395
 0.015650 0.010983 0.005764 0.000000 0.000000 0.000000 0.000000 0.000000 0.000000 0.000000 0.000000 0.000016 0.002755 0.031355 0.008700 0.000099 0.000000 0.000000 0.000000 0.000000 0.000000 0.000000 0.000000 0.000000 0.000000 0.000000 0.000000 0.000000 0.013333 0.000000 0.000000 0.000000 0.000000 0.000000 0.000000 0.000000 0.000000 0.000000 0.000000 0.000000 0.000000 0.000000 0.000000 0.000002 0.002495 0.822890 0.981032 0.850143 0.851870 0.852328
 0.000000 0.000009 0.005783 0.005783 0.000009 0.000000 0.000000 0.000000 0.000000 0.000000 0.000606 0.000335 0.022014 0.019629 0.001002 0.000006 0.000000 0.000000 0.000000 0.000000 0.000000 0.000000 0.000000 0.000000 0.000000 0.000000 0.000000 0.000000 0.013333 0.000000 0.000000 0.000000 0.000000 0.000000 0.000000 0.000000 0.000000 0.000000 0.000000 0.000000 0.000000 0.000000 0.000000 0.000123 0.135940 0.949397 0.166484 0.021326 0.013380 0.008395
 0.000000 0.000000 0.000000 0.005764 0.006370 0.000606 0.000000 0.000000 0.000000 0.000000 0.000214 0.004119 0.030204 0.006708 0.000062 0.000367 0.000122 0.000000 0.000000 0.000000 0.000000 0.000000 0.000000 0.000000 0.000000 0.000000 0.000000 0.000367 0.013349 0.000000 0.000000 0.000000 0.000000 0.000000 0.000000 0.000000 0.000000 0.000000 0.000000 0.000000 0.000000 0.000000 0.000007 0.008757 1.157488 0.412581 0.002072 0.000003 0.000001 0.000000
 0.000000 0.000000 0.000000 0.000000 0.005167 0.010335 0.005167 0.000000 0.000000 0.000003 0.000438 0.026055 0.017307 0.000639 0.000004 0.000122 0.000122 0.000000 0.000000 0.000000 0.000000 0.000000 0.000000 0.000000 0.000000 0.000000 0.000000 0.019990 0.006691 0.000000 0.000000 0.000000 0.000000 0.000000 0.000000 0.000000 0.000000 0.000000 0.000000 0.000000 0.000000 0.000000 0.000510 0.929201 0.656349 0.032333 0.000029 0.000000 0.000000 0.000000
 0.000000 0.000000 0.000000 0.000000 0.000000 0.000606 0.006370 0.006241 0.000261 0.000050 0.006411 0.028531 0.004932 0.000038 0.000000 0.000000 0.000000 0.000000 0.000000 0.000000 0.000000 0.000000 0.000000 0.000000 0.000000 0.000000 0.002603 0.012435 0.000031 0.000000 0.000000 0.000000 0.000000 0.000000 0.000000 0.000000 0.000000 0.000000 0.000000 0.000000 0.000000 0.000030 0.035621 1.020843 0.213225 0.000501 0.000000 0.000000 0.000000 0.000000
 0.000000 0.000000 0.000000 0.000000 0.000000 0.000000 0.000009 0.006232 0.007335 0.002291 0.029223 0.015044 0.000401 0.000002 0.000000 0.000000 0.000000 0.000000 0.000367 0.000122 0.000000 0.000000 0.000000 0.000000 0.000367 0.000123 0.001232 0.012022 0.000079 0.000000 0.000000 0.000000 0.000000 0.000000 0.000000 0.000000 0.000000 0.000000 0.000000 0.000000 0.000002 0.002118 0.846897 0.558304 0.008433 0.000007 0.000000 0.000000 0.000000 0.000000
 0.000000 0.000000 0.000000 0.000000 0.000000 0.000000 0.000500 0.000564 0.004578 1.308683 0.869572 0.860204 0.858070 0.858060 0.858060 0.858090 0.428966 0.000000 0.000122 0.000122 0.000000 0.000000 0.000000 0.000000 0.000122 0.000123 0.000510 0.012619 0.000203 0.000000 0.000000 0.000000 0.000000 0.000000 0.000000 0.000000 0.000000 0.000000 0.000000 0.000000 0.000123 0.135940 0.931846 0.140790 0.000121 0.000000 0.000000 0.000000 0.000000 0.000000
 0.000000 0.000000 0.000000 0.000000 0.000000 0.000000 0.000167 0.000222 1.301222 0.433820 0.000157 0.000000 0.000000 0.000000 0.000000 0.000157 0.429187 0.429030 0.000000 0.000000 0.000000 0.000000 0.000000 0.000000 0.000000 0.000000 0.000203 0.012619 0.000510 0.000000 0.000000 0.000000 0.000000 0.000000 0.000000 0.000000 0.000000 0.000000 0.000000 0.000007 0.008757 1.092501 0.425532 0.002865 0.000002 0.000000 0.000000 0.000000 0.000000 0.000000
 0.000000 0.000000 0.000000 0.000000 0.000000 0.000000 0.000015 1.301346 0.433762 0.000000 0.000000 0.000000 0.000000 0.000000 0.000000 0.000000 0.000000 0.429030 0.429030 0.000000 0.000000 0.000000 0.000000 0.000000 0.000000 0.000000 0.000079 0.012021 0.001232 0.000001 1.287377 0.858182 0.858060 0.858060 0.858060 0.858060 0.858374 0.429126 0.000000 0.000510 0.421262 0.746322 0.044743 0.000040 0.000000 0.000000 0.000000 0.000000 0.000000 0.000000
 0.000000 0.000000 0.000000 0.000500 0.000167 0.000005 1.301185 0.433947 0.000000 0.000000 0.000000 0.000000 0.000000 0.000000 0.000000 0.000000 0.000000 0.000000 0.429281 0.428971 0.000005 0.000000 0.000000 0.000000 0.000000 0.000000 0.000031 0.010575 0.002725 1.287091 0.429152 0.000122 0.000000 0.000000 0.000000 0.000000 0.000122 0.429152 0.429040 0.035621 1.085058 0.295063 0.000693 0.000370 0.000123 0.000000 0.000000 0.000000 0.000000 0.000000
 0.000000 0.000000 0.000000 0.000169 0.000191 0.000609 0.867536 0.000157 0.000000 0.000000 0.000000 0.000000 0.000000 0.000000 0.000000 0.000000 0.000000 0.000000 0.000157 0.856559 0.001510 0.000088 0.000005 0.000000 0.000000 0.000000 0.000012 0.008129 1.290770 0.429031 0.000000 0.000000 0.000000 0.000000 0.000000 0.000000 0.000000 0.000000 0.429020 0.703920 0.561289 0.011669 0.000010 0.000123 0.000123 0.000000 0.000000 0.000000 0.000000 0.000000
 1.315340 0.876986 0.876863 0.876861 0.876845 0.876637 0.440252 0.000000 0.000000 0.000000 0.000000 0.000000 0.000000 0.000000 0.000000 0.000000 0.000000 0.000000 0.000000 0.642113 0.236470 0.024814 0.001510 0.000088 0.000005 0.000000 0.000005 1.299217 0.431516 0.000000 0.000000 0.000000 0.000000 0.000000 0.000000 0.000000 0.000000 0.000000 0.000000 0.143166 0.150460 0.000167 0.000000 0.000000 0.000000 0.000000 0.000000 0.000000 0.000000 0.000000
 0.000367 0.000122 0.000000 0.000000 0.000000 0.000000 0.006845 0.006488 0.000000 0.000000 0.000000 0.000000 0.000000 0.000000 0.000000 0.000000 0.000000 0.000000 0.000000 0.215947 0.623567 0.833232 0.856467 0.857894 0.857977 0.857982 0.858000 0.860471 0.000122 0.000000 0.000000 0.000000 0.000000 0.000000 0.000000 0.000000 0.000000 0.000000 0.000000 0.000122 0.024913 0.000010 0.000000 0.000000 0.000000 0.000000 0.000370 0.000123 0.000000 0.000000
 0.000000 0.000000 0.000000 0.000000 0.000000 0.000000 0.000178 0.013155 0.000000 0.000000 0.000000 0.000000 0.000000 0.000000 0.000000 0.000000 0.000000 0.000000 0.000000 0.010274 0.003759 0.000152 0.000000 0.000000 0.000000 0.000000 0.000152 0.853231 0.000081 0.000000 0.000000 0.000000 0.000000 0.000000 0.000000 0.000000 0.000000 0.000000 0.000000 0.000000 0.022948 0.001992 0.000005 0.000000 0.000000 0.000000 0.000123 0.000123 0.000000 0.000000
 0.000000 0.000000 0.000000 0.000000 0.000000 0.000000 0.000000 0.006669 0.006664 0.000000 0.000000 0.000000 0.000000 0.000000 0.000000 0.000000 0.000000 0.000000 0.000554 0.006482 0.000000 0.000000 0.000000 0.000000 0.000000 0.000000 0.000000 0.426732 0.426732 0.000000 0.000000 0.000000 0.000000 0.000000 0.000000 0.000000 0.000000 0.000000 0.000000 0.000000 0.010700 0.012923 0.001318 0.000003 0.000000 0.000000 0.000000 0.000000 0.000000 0.000000
 0.000000 0.000000 0.000000 0.000000 0.000000 0.000000 0.000000 0.000003 0.013330 0.000001 0.000000 0.000000 0.000000 0.000000 0.000000 0.000000 0.000000 0.000000 0.009815 0.003149 0.000000 0.000000 0.000000 0.000000 0.000000 0.000000 0.000000 0.000081 0.853383 0.000000 0.000000 0.000000 0.000000 0.000000 0.000000 0.000000 0.000000 0.000000 0.000000 0.000000 0.000217 0.011283 0.012588 0.000854 0.000002 0.000000 0.000000 0.000000 0.000000 0.000000
 0.000000 0.000000 0.000000 0.000000 0.000000 0.000000 0.000000 0.000000 0.006666 0.006667 0.000000 0.000000 0.000000 0.000000 0.000000 0.000000 0.000000 0.008100 0.003967 0.000000 0.000000 0.000000 0.000000 0.000000 0.000000 0.000000 0.000000 0.000000 0.640098 0.213366 0.000000 0.000000 0.000000 0.000000 0.000000 0.000000 0.000000 0.000000 0.000000 0.000000 0.000001 0.000345 0.011818 0.012234 0.000545 0.000001 0.000000 0.000000 0.000000 0.000000
 0.000000 0.000000 0.000000 0.000000 0.000000 0.000000 0.000000 0.000000 0.000000 0.013288 0.000046 0.000000 0.000000 0.000000 0.000000 0.000000 0.000000 0.007300 0.000633 0.000000 0.000000 0.000000 0.000000 0.000000 0.000000 0.000000 0.000000 0.000000 0.213366 0.640098 0.000000 0.000000 0.000000 0.000000 0.000000 0.000000 0.000000 0.000000 0.000000 0.000367 0.000122 0.000001 0.000545 0.012234 0.011818 0.000345 0.000001 0.000000 0.000000 0.000000
 0.000000 0.000000 0.000000 0.000000 0.000000 0.000000 0.000000 0.000000 0.000000 0.006621 0.006712 0.000000 0.000000 0.000000 0.000000 0.000472 0.000157 0.006667 0.000000 0.000000 0.000000 0.000000 0.000000 0.000000 0.000000 0.000000 0.000000 0.000000 0.000000 0.853383 0.000081 0.000000 0.000000 0.000000 0.000000 0.000000 0.000000 0.000000 0.000000 0.000122 0.000122 0.000000 0.000002 0.000854 0.012580 0.011455 0.059511 0.040121 0.040000 0.040000
 0.000000 0.000000 0.000000 0.000000 0.000000 0.000000 0.000000 0.000000 0.000000 0.000000 0.012618 0.000745 0.000030 0.000001 0.000000 0.000157 0.000157 0.006667 0.000000 0.000000 0.000000 0.000000 0.000000 0.000000 0.000000 0.000000 0.000000 0.000000 0.000000 0.426732 0.426732 0.000000 0.000000 0.000000 0.000000 0.000000 0.000000 0.000000 0.000000 0.000000 0.000000 0.000000 0.000000 0.000004 0.001944 0.044444 0.019889 0.000122 0.000000 0.000000
 0.032940 0.010984 0.000004 0.000000 0.000000 0.000000 0.000000 0.000000 0.000000 0.000367 0.010411 0.002791 0.000141 0.000005 0.000000 0.000000 0.000000 0.006667 0.000000 0.000000 0.000000 0.000000 0.000000 0.000000 0.000000 0.000000 0.000000 0.000000 0.000000 0.000081 0.853539 0.000122 0.000000 0.000000 0.000000 0.000000 0.000367 0.000122 0.000000 0.000000 0.000000 0.000000 0.000000 0.000018 0.035836 0.015102 0.000308 0.000001 0.000000 0.000000
 0.000227 0.011127 0.022106 0.011350 0.000296 0.000000 0.000000 0.000000 0.000014 0.036036 0.027912 0.033750 0.035788 0.035897 0.036127 0.018003 0.000006 0.007048 0.000152 0.000000 0.000000 0.000000 0.000000 0.000000 0.000000 0.000000 0.000000 0.000000 0.000000 0.000456 0.841551 0.011912 0.000041 0.000000 0.000000 0.000000 0.000122 0.000122 0.000000 0.000000 0.000000 0.000000 0.000000 0.036270 0.016396 0.003637 0.000031 0.000000 0.000000 0.000000
 0.000000 0.000000 0.000001 0.010760 0.021815 0.018426 0.007370 0.024944 0.028613 0.012019 0.000027 0.000022 0.000013 0.000002 0.000122 0.018073 0.018414 0.006423 0.000295 0.000000 0.000000 0.000000 0.000000 0.000000 0.000000 0.000000 0.000000 0.000000 0.000000 0.035183 0.784719 0.056606 0.000208 0.000001 0.000000 0.000000 0.000000 0.000000 0.000000 0.000000 0.000000 0.000000 0.000004 0.024243 0.007051 0.001047 0.000003 0.000000 0.000000 0.000000
 0.000000 0.000000 0.000000 0.000000 0.000000 0.003685 0.014741 0.021260 0.004810 0.001725 0.004235 0.005321 0.003743 0.001781 0.000408 0.000312 0.024050 0.021195 0.000144 0.000000 0.000000 0.000000 0.000000 0.000000 0.000000 0.000000 0.000000 0.000000 0.000029 0.014662 0.653329 0.184594 0.000865 0.000003 0.000000 0.000000 0.000000 0.000000 0.000000 0.000000 0.000000 0.000000 0.000047 0.025251 0.005289 0.000127 0.000000 0.000000 0.000000 0.000000
 0.000002 0.000003 0.000016 0.000140 0.001273 0.004979 0.010637 0.007010 0.006541 0.005897 0.004415 0.002718 0.002904 0.004856 0.006086 0.003355 0.006880 0.018491 0.018004 0.000000 0.000456 0.000152 0.000000 0.000000 0.000000 0.000000 0.000456 0.000152 0.000012 0.003582 0.423138 0.423138 0.003582 0.000012 0.000000 0.000000 0.000000 0.000000 0.000000 0.000000 0.000000 0.000001 0.000497 0.026161 0.002497 0.000012 0.000000 0.000000 0.000000 0.000000
 0.000002 0.000002 0.000007 0.000054 0.000489 0.002247 0.008761 0.002290 0.000842 0.000233 0.000058 0.000015 0.000007 0.000027 0.000171 0.003790 0.009352 0.000163 0.035953 0.000000 0.000152 0.000152 0.000000 0.000000 0.000000 0.000000 0.000152 0.000152 0.000003 0.000865 0.184594 0.653329 0.014622 0.000050 0.000000 0.000000 0.000000 0.000000 0.000000 0.000000 0.000000 0.000011 0.004694 0.023514 0.000480 0.000001 0.000000 0.000000 0.000000 0.000000
 0.000000 0.000000 0.000000 0.000000 0.000000 0.004714 0.007018 0.000003 0.000003 0.000001 0.000000 0.000000 0.000000 0.000000 0.000000 0.000636 0.012304 0.000393 0.035901 0.000000 0.000000 0.000000 0.000000 0.000000 0.000000 0.000000 0.000000 0.000000 0.000001 0.000208 0.056606 0.739835 0.056605 0.000208 0.000001 0.000000 0.000000 0.000000 0.000000 0.000000 0.000000 0.000121 0.021400 0.015671 0.000050 0.000000 0.000000 0.000000 0.000000 0.000000
 0.000000 0.000000 0.000001 0.013763 0.009554 0.007857 0.007996 0.001925 0.000000 0.000000 0.000000 0.000000 0.000000 0.000000 0.000000 0.000064 0.010385 0.002882 0.035901 0.000000 0.000000 0.000000 0.000000 0.000000 0.000000 0.000000 0.000000 0.000000 0.000000 0.000050 0.014632 0.653661 0.184294 0.000948 0.000097 0.000094 0.000094 0.000094 0.000094 0.000094 0.000097 0.001338 0.027164 0.005735 0.000126 0.000000 0.000000 0.000000 0.000000 0.000000
 0.000097 0.014105 0.009429 0.004840 0.000126 0.000000 0.003849 0.007698 0.000000 0.000000 0.000000 0.000000 0.000000 0.000000 0.000000 0.000006 0.005017 0.008286 0.035901 0.000000 0.000000 0.000000 0.000000 0.000000 0.000000 0.000000 0.000000 0.000000 0.000000 0.000015 0.004306 0.496640 0.367982 0.016107 0.014055 0.014048 0.014048 0.014048 0.014048 0.014048 0.014053 0.016224 0.017715 0.000870 0.000122 0.000000 0.000000 0.000000 0.000000 0.000000
 0.014046 0.004684 0.000002 0.000000 0.000000 0.000000 0.000000 0.009623 0.001925 0.000000 0.000000 0.000000 0.000000 0.000000 0.000000 0.000004 0.000991 0.012091 0.035902 0.000001 0.000000 0.000000 0.000000 0.000000 0.000000 0.000000 0.000000 0.000000 0.000002 0.000516 1.313827 0.670458 0.233112 0.015430 0.014141 0.014137 0.014030 0.014172 0.014048 0.014048 0.014046 0.013315 0.009759 0.000684 0.000002 0.000000 0.000000 0.000000 0.000000 0.000000
 0.000000 0.000000 0.000000 0.000000 0.000000 0.000000 0.000000 0.003849 0.007698 0.000000 0.000000 0.000000 0.000000 0.000002 0.000020 0.000209 0.001947 0.010933 0.035957 0.000068 0.000014 0.000009 0.000006 0.000003 0.000002 0.000001 0.000001 0.000001 0.000124 1.315687 0.455109 0.010273 0.000302 0.000023 0.000022 0.000022 0.000173 0.000209 0.000094 0.000094 0.000098 0.000176 0.004830 0.004464 0.000072 0.000001 0.000365 0.000122 0.000000 0.000000
 0.007071 0.002357 0.000000 0.000000 0.000000 0.000000 0.000000 0.000000 0.009623 0.001924 0.000000 0.000000 0.000000 0.000001 0.000007 0.000079 0.017117 0.008371 0.028890 0.013826 0.005207 0.003574 0.002374 0.001542 0.000987 0.000625 0.000393 0.000248 1.315852 0.451673 0.014017 0.001076 0.000004 0.000000 0.000000 0.000000 0.000000 0.000000 0.000000 0.000003 0.000024 0.000254 0.002794 0.006355 0.003503 0.000149 0.000130 0.000128 0.000017 0.000017
 0.007071 0.004714 0.002357 0.000000 0.000000 0.000000 0.000000 0.000000 0.003849 0.007698 0.000000 0.000000 0.000032 0.019957 0.013344 0.013333 0.007366 0.000867 0.010467 0.038876 0.017030 0.018280 0.019337 0.020241 0.020372 0.020262 0.019845 0.019069 0.884924 0.015419 0.003370 0.000017 0.000000 0.000000 0.000000 0.000000 0.000000 0.000000 0.000000 0.005021 0.008324 0.006566 0.005823 0.006613 0.011455 0.015437 0.026765 0.021204 0.021082 0.021082
 0.000000 0.002357 0.004714 0.002357 0.000000 0.000000 0.000000 0.000000 0.011180 0.021721 0.023874 0.013333 0.013323 0.006667 0.000011 0.000000 0.000000 0.000000 0.000000 0.020172 0.021016 0.000251 0.000393 0.000610 0.000914 0.001395 0.002148 0.003232 0.658238 0.221925 0.000068 0.000000 0.000000 0.000000 0.000000 0.000000 0.000000 0.000000 0.000000 0.008334 0.001667 0.000000 0.000000 0.000007 0.000311 0.000687 0.019135 0.005702 0.005579 0.005578
 0.000000 0.000000 0.002357 0.004714 0.002357 0.000004 0.022056 0.015008 0.011180 0.003727 0.021082 0.000000 0.000000 0.000000 0.000000 0.000000 0.000000 0.000000 0.000000 0.000000 0.020885 0.020558 0.000001 0.000001 0.000002 0.000003 0.000005 0.000008 0.219411 0.658217 0.000001 0.000000 0.000000 0.000000 0.000000 0.000000 0.000000 0.000000 0.000000 0.006667 0.000000 0.000000 0.000000 0.000007 0.000149 0.000143 0.016330 0.000120 0.000237 0.000235
 0.000046 0.000030 0.000030 0.002380 0.019444 0.014908 0.007553 0.000101 0.000000 0.000000 0.021082 0.000000 0.000000 0.000000 0.000000 0.000000 0.000000 0.000000 0.000000 0.000000 0.000167 0.041102 0.000000 0.000000 0.000000 0.000000 0.000000 0.000000 0.000001 0.871667 0.005955 0.000000 0.000000 0.000000 0.000000 0.000000 0.000000 0.000000 0.005000 0.005000 0.000000 0.000000 0.000000 0.000003 0.000003 0.000000 0.016330 0.000000 0.000001 0.000001
 0.014085 0.009390 0.009390 0.009393 0.009094 0.000002 0.000000 0.000000 0.000000 0.000000 0.021073 0.000009 0.000000 0.000000 0.000000 0.000000 0.000000 0.000000 0.000000 0.000000 0.000050 0.041079 0.000000 0.000000 0.000000 0.000000 0.000000 0.000000 0.000000 0.432940 0.444684 0.000000 0.000000 0.000000 0.000000 0.000000 0.000000 0.000000 0.008333 0.001667 0.000000 0.000000 0.000000 0.000000 0.000000 0.000000 0.016330 0.000000 0.000000 0.000000
 0.000011 0.000008 0.000008 0.000551 0.006479 0.000000 0.000000 0.000000 0.000000 0.000000 0.020489 0.000592 0.000000 0.000000 0.000000 0.000000 0.000000 0.000000 0.000000 0.000000 0.003398 0.039941 0.000000 0.000000 0.000000 0.000000 0.000000 0.000000 0.000000 0.000083 0.877457 0.000083 0.000000 0.000000 0.000000 0.000000 0.000000 0.000000 0.006667 0.000000 0.000000 0.000000 0.000000 0.000000 0.000000 0.000000 0.016330 0.000000 0.000000 0.000000
 0.000000 0.000000 0.000000 0.007915 0.003782 0.000000 0.000000 0.000000 0.000000 0.000000 0.011960 0.009122 0.000000 0.000000 0.000000 0.000000 0.000000 0.000000 0.000000 0.000000 0.048793 0.023314 0.000000 0.000000 0.000000 0.000000 0.000000 0.000000 0.000000 0.000000 0.444683 0.432940 0.000000 0.000000 0.000000 0.000000 0.000000 0.005000 0.005000 0.000000 0.000000 0.000000 0.000000 0.000000 0.000000 0.000000 0.016330 0.000000 0.000000 0.000000
