 0.000000 0.000000 0.000000 0.000000 0.000000 0.000000 0.000002 0.000140 0.009321 0.012194 0.022111 0.000000 0.000000 0.000000 0.000000 0.000000 0.000000 0.000000 0.000000 0.000000 0.000000 0.678878 0.678876 0.009448 0.000276 0.000000 0.000000 0.000000 0.000000 0.000000 0.000000 0.000000 0.000000 0.000000 0.000000 0.000023 0.003293 0.010587 0.010006 0.001653 0.003253 0.002814 0.001158 0.000437 0.000000 0.000023 0.014097 0.000023 0.004998 0.004998
 0.000000 0.000000 0.000000 0.000000 0.000000 0.000000 0.000001 0.000125 0.006205 0.008129 0.014741 0.000000 0.000000 0.000000 0.000000 0.000000 0.000000 0.000000 0.000000 0.000000 0.000000 0.452585 0.452584 0.006299 0.000184 0.000000 0.000000 0.000000 0.000000 0.000000 0.000000 0.000000 0.000000 0.000000 0.000001 0.000145 0.008326 0.005231 0.012441 0.005659 0.004024 0.002001 0.000677 0.000146 0.000000 0.000015 0.009398 0.000015 0.003332 0.003332
 0.024416 0.008591 0.000452 0.000000 0.000000 0.000000 0.000000 0.000058 0.006267 0.008132 0.014741 0.000000 0.000000 0.000000 0.000000 0.000000 0.000000 0.000000 0.000000 0.000000 0.000000 0.452585 0.452584 0.006299 0.000184 0.000000 0.000000 0.000000 0.000000 0.000000 0.000000 0.000000 0.000000 0.000000 0.000005 0.000911 0.009637 0.001891 0.004732 0.007071 0.002357 0.000000 0.000000 0.000000 0.000000 0.000015 0.009398 0.000015 0.003332 0.003332
 0.000079 0.007739 0.015877 0.014778 0.006620 0.000007 0.000000 0.000000 0.006585 0.008353 0.014731 0.000000 0.000000 0.000000 0.000000 0.000000 0.000000 0.000000 0.000000 0.000000 0.000000 0.452592 0.452624 0.006299 0.000184 0.000000 0.000000 0.000000 0.000000 0.000000 0.000000 0.000000 0.000450 0.033016 0.022111 0.022274 0.018444 0.000323 0.000000 0.002357 0.007071 0.009364 0.004651 0.000001 0.000000 0.000015 0.009398 0.000015 0.003332 0.003332
 0.000000 0.000000 0.000000 0.001552 0.009710 0.016297 0.008591 0.000452 0.009685 0.028479 0.007364 0.000000 0.000000 0.000000 0.000000 0.000000 0.000000 0.000000 0.000000 0.000000 0.000000 0.226264 0.678895 0.006299 0.000184 0.000000 0.000000 0.000000 0.000000 0.000000 0.000006 0.033164 0.021961 0.010905 0.000000 0.000122 0.027472 0.000000 0.000000 0.000000 0.000000 0.000064 0.004777 0.009426 0.004777 0.000076 0.009398 0.000015 0.003332 0.003332
 0.000000 0.000000 0.000000 0.000000 0.000000 0.000026 0.007739 0.019171 0.019470 0.012545 0.009592 0.033661 0.020000 0.020000 0.020000 0.020000 0.020000 0.020000 0.020000 0.020000 0.010000 0.000021 0.465044 0.443242 0.000184 0.000000 0.000000 0.000000 0.000000 0.033160 0.022111 0.011053 0.000000 0.000000 0.000000 0.000000 0.027465 0.000022 0.000000 0.000000 0.000000 0.000000 0.000000 0.000001 0.004651 0.009368 0.020711 0.021045 0.020138 0.020679
 0.000000 0.000000 0.000000 0.000000 0.000000 0.000000 0.005000 0.006667 0.001683 0.000018 0.000162 0.057044 0.020000 0.020000 0.020000 0.020000 0.020000 0.020000 0.020000 0.020000 0.030000 0.020003 0.024963 0.867695 0.012678 0.000116 0.000001 0.032716 0.022261 0.011057 0.000002 0.000000 0.000000 0.000000 0.000000 0.000000 0.015164 0.012323 0.000000 0.000000 0.000000 0.000000 0.000000 0.000000 0.000000 0.000000 0.012598 0.001051 0.000000 0.000000
 0.000000 0.000000 0.000000 0.000000 0.000000 0.005000 0.006667 0.001668 0.000002 0.000001 0.000000 0.047140 0.000000 0.000000 0.000000 0.000000 0.000000 0.000000 0.000000 0.000000 0.000000 0.020219 0.026845 0.854981 0.025213 0.000679 0.032924 0.011205 0.000150 0.000000 0.000000 0.000000 0.000000 0.000000 0.000000 0.000000 0.001443 0.026044 0.000000 0.000000 0.000000 0.000000 0.000000 0.000000 0.000000 0.000003 0.011546 0.000000 0.000000 0.000000
 0.000000 0.000000 0.000000 0.000000 0.005000 0.006667 0.001667 0.000000 0.000000 0.000000 0.000000 0.047140 0.000000 0.000000 0.000000 0.000000 0.000000 0.000000 0.000000 0.000000 0.000000 0.000124 0.014849 0.649707 0.226829 0.020188 0.013897 0.000000 0.000000 0.000000 0.000000 0.000000 0.000000 0.000000 0.000000 0.000000 0.000000 0.027487 0.000000 0.000000 0.000000 0.000000 0.000000 0.000000 0.000000 0.008659 0.008659 0.000000 0.000000 0.000000
 0.000000 0.000000 0.000000 0.005000 0.006667 0.001667 0.000000 0.000000 0.000000 0.000000 0.000000 0.047102 0.000038 0.000000 0.000000 0.000000 0.000000 0.000000 0.000000 0.000000 0.000000 0.000001 0.000644 0.223877 0.618698 0.033454 0.003116 0.000000 0.000000 0.000000 0.000000 0.000000 0.000000 0.000000 0.000000 0.000000 0.000000 0.027487 0.000000 0.000000 0.000000 0.000000 0.000000 0.000000 0.000000 0.014430 0.002888 0.000000 0.000000 0.000000
 0.000000 0.000000 0.005000 0.006667 0.001667 0.000000 0.000000 0.000000 0.000000 0.000000 0.000000 0.044628 0.002512 0.000000 0.000000 0.000000 0.000000 0.000000 0.000000 0.000000 0.000000 0.000000 0.000000 0.001734 0.619309 0.237325 0.000116 0.000000 0.000000 0.000000 0.000000 0.000000 0.000000 0.000000 0.000000 0.000000 0.000000 0.026044 0.001443 0.000000 0.000000 0.000000 0.000000 0.000000 0.000000 0.011548 0.000001 0.000000 0.000000 0.000000
 0.046507 0.018057 0.005876 0.001667 0.000004 0.000005 0.000008 0.000013 0.000020 0.000009 0.000000 0.023570 0.023570 0.000000 0.000000 0.000000 0.000000 0.000000 0.000000 0.000000 0.000000 0.000000 0.000000 0.000088 0.238019 0.618799 0.001516 0.000000 0.000000 0.000000 0.000000 0.000000 0.000000 0.000000 0.000000 0.000000 0.000000 0.012323 0.015164 0.000000 0.000000 0.000000 0.000000 0.000000 0.000003 0.011546 0.000000 0.000000 0.000000 0.000000
 0.005455 0.016671 0.015036 0.000023 0.000001 0.000675 0.000816 0.001225 0.000953 0.000447 0.000001 0.002512 0.044628 0.000000 0.000000 0.000000 0.000000 0.000000 0.000000 0.000000 0.000000 0.000000 0.000000 0.000005 0.024908 0.808597 0.025071 0.000122 0.000000 0.000000 0.000000 0.000000 0.000000 0.000000 0.000000 0.000000 0.000000 0.000022 0.027465 0.000000 0.000000 0.000000 0.000000 0.000000 0.008640 0.008666 0.000000 0.000000 0.000001 0.000001
 0.000000 0.000000 0.014119 0.014165 0.000000 0.000226 0.008739 0.005571 0.003669 0.001888 0.000003 0.000038 0.047102 0.000000 0.000000 0.000000 0.000000 0.000000 0.000000 0.000000 0.000000 0.000370 0.000123 0.000000 0.001516 0.618821 0.238076 0.000206 0.000000 0.000000 0.000000 0.000000 0.000000 0.000000 0.000000 0.000000 0.000000 0.000004 0.027415 0.000202 0.000003 0.017084 0.011625 0.011547 0.011263 0.012157 0.006668 0.000001 0.000000 0.000171
 0.000000 0.000000 0.000000 0.014142 0.014142 0.000000 0.003105 0.003703 0.002827 0.003680 0.000008 0.000001 0.047140 0.000000 0.000000 0.000000 0.000000 0.000000 0.000000 0.000000 0.000000 0.000123 0.000123 0.000000 0.000088 0.237998 0.618821 0.001516 0.000000 0.000000 0.000000 0.000000 0.000004 0.009999 0.016663 0.013335 0.013333 0.013332 0.026810 0.029878 0.011546 0.005851 0.000078 0.000000 0.000000 0.000000 0.006665 0.013331 0.006665 0.000057
 0.000000 0.000000 0.000000 0.000000 0.014142 0.014142 0.000000 0.006668 0.001626 0.005018 0.000020 0.000000 0.047140 0.000000 0.000000 0.000000 0.000000 0.000000 0.000000 0.000000 0.000000 0.000000 0.000000 0.000000 0.000005 0.024908 0.808597 0.024908 0.000005 0.019996 0.013335 0.013333 0.013332 0.009999 0.003335 0.000001 0.000000 0.000000 0.000000 0.036515 0.000000 0.000000 0.000000 0.000000 0.000000 0.000000 0.000000 0.000001 0.006668 0.013243
 0.000000 0.000000 0.000000 0.000000 0.000000 0.014165 0.014119 0.006667 0.000759 0.005857 0.000050 0.000000 0.047256 0.000123 0.000000 0.000000 0.000000 0.000000 0.000370 0.000123 0.000000 0.000000 0.000000 0.000000 0.000000 0.001516 0.618905 0.237907 0.020231 0.006825 0.000001 0.000000 0.000000 0.000000 0.000000 0.000000 0.000000 0.000000 0.000000 0.036514 0.000000 0.000000 0.000000 0.000000 0.000000 0.000000 0.000000 0.000000 0.000000 0.000090
 0.000000 0.000000 0.000000 0.000000 0.000000 0.000023 0.015604 0.015639 0.000320 0.006219 0.000513 0.070614 0.023693 0.000123 0.000000 0.000000 0.000000 0.000000 0.000123 0.000123 0.000000 0.000000 0.000000 0.000000 0.000000 0.000089 0.246388 0.609638 0.010277 0.000157 0.000000 0.000000 0.000000 0.000000 0.000000 0.000000 0.000000 0.000000 0.000000 0.036485 0.000030 0.000000 0.000000 0.000000 0.000000 0.000000 0.000000 0.000000 0.000000 0.000000
 0.000000 0.000000 0.000000 0.000000 0.000000 0.000000 0.001485 0.015229 0.027799 0.057346 0.047895 0.023474 0.000000 0.000000 0.000000 0.000000 0.000000 0.000000 0.000000 0.000000 0.000000 0.000000 0.000000 0.000000 0.000002 0.000094 0.457999 0.657095 0.003590 0.000000 0.000000 0.000000 0.000000 0.000000 0.000000 0.000000 0.000000 0.000000 0.000000 0.034569 0.001946 0.000000 0.000000 0.000000 0.000000 0.000000 0.000000 0.000000 0.000000 0.000000
 0.000000 0.000000 0.000000 0.000000 0.000000 0.000000 0.000000 0.000000 0.000188 0.021915 0.002839 0.000003 0.000000 0.000000 0.000000 0.000000 0.000000 0.000000 1.272770 0.848968 0.848816 0.848816 0.848816 0.848816 0.848665 0.425826 1.038714 0.284439 0.000071 0.000000 0.000000 0.000000 0.000000 0.000000 0.000000 0.000000 0.000000 0.000000 0.000000 0.018257 0.018257 0.000000 0.000000 0.000000 0.000000 0.000000 0.000000 0.000000 0.000000 0.000000
 0.000000 0.000000 0.000000 0.000000 0.000000 0.000000 0.000367 0.000122 0.000073 0.018778 0.006086 0.000007 0.000000 0.000000 0.000000 0.000000 0.000002 1.273224 0.424560 0.000152 0.000000 0.000000 0.000000 0.000000 0.000152 0.423426 0.865001 0.025643 0.000004 0.000000 0.000000 0.000000 0.000000 0.000000 0.000000 0.000000 0.000000 0.000000 0.000000 0.001946 0.034569 0.000000 0.000000 0.000000 0.000000 0.000000 0.000000 0.000000 0.000000 0.000000
 0.000000 0.000000 0.000000 0.000000 0.000000 0.000000 0.000122 0.000122 0.000028 0.013839 0.011060 0.000018 0.000002 0.000006 0.000027 0.000111 1.273183 0.424408 0.000000 0.000000 0.000000 0.000000 0.000000 0.000000 0.000000 0.000000 0.422075 0.426649 0.000011 0.000000 0.000000 0.000000 0.000000 0.000000 0.000000 0.000000 0.000000 0.000000 0.000000 0.000030 0.036485 0.000000 0.000000 0.000000 0.000000 0.000000 0.000000 0.000000 0.000000 0.000000
 0.000000 0.000000 0.000000 0.000000 0.000000 0.000000 0.000000 0.000000 0.000011 0.008404 0.016488 0.000133 0.000462 0.001918 0.007927 1.269842 0.424520 0.000000 0.000000 0.000000 0.000000 0.000000 0.000000 0.000000 0.000000 0.000000 0.000000 0.424530 0.424569 0.000157 0.000000 0.000000 0.000000 0.000000 0.000000 0.000000 0.000000 0.000000 0.000000 0.000000 0.036514 0.000000 0.000000 0.000000 0.000000 0.000000 0.000000 0.000000 0.000000 0.000000
 0.876863 0.584575 0.584575 0.584612 0.292233 0.000000 0.000000 0.000000 0.000004 0.004248 0.025067 0.032254 0.122452 0.373328 0.711006 0.561343 0.000152 0.000000 0.000000 0.000000 0.000000 0.000000 0.000000 0.000000 0.000000 0.000000 0.000000 0.000152 0.848696 0.000158 0.000000 0.000000 0.000000 0.000000 0.000000 0.000000 0.000000 0.000000 0.000000 0.000000 0.036515 0.000000 0.000000 0.000000 0.000000 0.000000 0.000000 0.000000 0.000000 0.000000
 0.438432 0.292288 0.292288 0.292343 0.584630 0.438565 0.000217 0.000135 0.000086 0.026899 0.841814 0.841200 0.801960 0.667443 0.425198 0.140357 0.000000 0.000000 0.000000 0.000000 0.000000 0.000000 0.000000 0.000000 0.000000 0.000000 0.000000 0.000000 0.848600 0.000007 0.000000 0.000000 0.000000 0.000000 0.000000 0.000000 0.000000 0.000000 0.000000 0.000000 0.018257 0.018663 0.000167 0.000000 0.000000 0.000000 0.000000 0.000500 0.000171 0.000004
 0.000000 0.000000 0.000000 0.000000 0.000000 0.438298 0.494325 0.092648 0.060329 0.889652 0.676035 0.186335 0.056553 0.014604 0.003577 0.000698 0.000000 0.000000 0.000000 0.000000 0.000000 0.000000 0.000000 0.000000 0.000000 0.000000 0.000000 0.000000 0.848536 0.000071 0.000000 0.000472 0.000157 0.000000 0.000000 0.000000 0.000000 0.000472 0.000157 0.000000 0.000000 0.018330 0.036578 0.031473 0.014289 0.001850 0.001794 0.001815 0.001813 0.001790
 0.000000 0.000000 0.000000 0.000000 0.000000 0.000000 0.382579 0.777872 0.800529 0.534021 0.121163 0.000896 0.000208 0.000050 0.000012 0.000002 0.000000 0.000000 0.000000 0.000000 0.000000 0.000000 0.000000 0.000000 0.000000 0.000000 0.000000 0.000032 0.430934 0.848620 0.848685 0.848702 0.848730 0.424278 0.000000 0.000000 0.000000 0.000157 0.000157 0.000000 0.000000 0.000000 0.000053 0.018596 0.033636 0.037471 0.037509 0.037509 0.037509 0.037509
 0.000000 0.000000 0.000000 0.000000 0.000000 0.000000 0.000167 0.006299 0.015897 0.026021 0.008003 0.000004 0.000001 0.000000 0.000000 0.000000 0.000000 0.000000 0.000000 0.000000 0.000000 0.000000 0.000000 0.000000 0.000000 0.000000 0.000000 0.009989 0.003323 0.000000 0.000000 0.000000 0.000157 0.424500 0.424343 0.000000 0.000000 0.000000 0.000000 0.000000 0.000000 0.000005 0.003318 0.024396 0.005801 0.001794 0.001790 0.001790 0.001790 0.001790
 0.000000 0.000000 0.000000 0.000000 0.000000 0.000000 0.000000 0.000008 0.000023 0.014677 0.021202 0.000010 0.000000 0.000000 0.000000 0.000456 0.000152 0.000000 0.000000 0.000000 0.000000 0.000000 0.000000 0.000000 0.000000 0.000000 0.010000 0.003333 0.000000 0.000000 0.000000 0.000000 0.000000 0.000000 0.424343 0.424352 0.000012 0.000003 0.000001 0.000000 0.000000 0.000342 0.027057 0.010651 0.000119 0.000370 0.000127 0.000004 0.000004 0.000004
 0.000000 0.000000 0.000000 0.000000 0.000000 0.000000 0.000000 0.000000 0.000001 0.004170 0.031663 0.000068 0.000000 0.000000 0.000000 0.000152 0.000152 0.000000 0.000000 0.000000 0.000000 0.000000 0.000000 0.000000 0.000000 0.010000 0.003333 0.000000 0.000000 0.000000 0.000000 0.000000 0.000000 0.000000 0.000000 0.424583 0.425363 0.001358 0.000327 0.000079 0.000038 0.013817 0.017380 0.001131 0.000002 0.000123 0.000123 0.000000 0.000000 0.000000
 0.000000 0.000000 0.000000 0.000000 0.000000 0.000000 0.000000 0.000000 0.000000 0.000733 0.034723 0.000444 0.000000 0.000000 0.000000 0.000000 0.000000 0.000000 0.000000 0.000000 0.000000 0.000000 0.000000 0.000000 0.010000 0.003333 0.000000 0.000000 0.000000 0.000000 0.000000 0.000000 0.000000 0.000000 0.000000 0.000157 0.612294 0.331601 0.125899 0.035639 0.009313 0.025450 0.006091 0.000018 0.000000 0.000000 0.000000 0.000000 0.000000 0.000000
 0.000000 0.000000 0.000000 0.000000 0.000000 0.000000 0.000000 0.000000 0.000000 0.000113 0.033102 0.002686 0.000000 0.000000 0.000000 0.000000 0.000000 0.000000 0.000456 0.000152 0.000000 0.000000 0.000000 0.009992 0.003336 0.000000 0.000000 0.000000 0.000000 0.000000 0.000000 0.000000 0.000000 0.000000 0.000000 0.000000 0.189822 0.512080 0.707592 0.755198 0.474131 0.111489 0.000507 0.000123 0.000000 0.000000 0.000000 0.000000 0.000000 0.000000
 0.000000 0.000000 0.000000 0.000000 0.000000 0.000000 0.000500 0.000168 0.000017 0.000188 0.024132 0.011779 0.000024 0.022560 0.015029 0.014907 0.014907 0.014907 0.015048 0.015306 0.007521 0.000000 0.000000 0.006669 0.000003 0.000000 0.000000 0.000000 0.000000 0.000000 0.000000 0.000000 0.000000 0.000000 0.000000 0.000000 0.000711 0.003635 0.014835 0.057586 0.393807 0.403808 0.000506 0.000123 0.000000 0.000000 0.000000 0.000000 0.000000 0.000000
 0.000000 0.000000 0.000000 0.000000 0.000000 0.000000 0.000177 0.000275 0.001159 0.007246 0.017157 0.025428 0.018061 0.007572 0.000122 0.000000 0.000000 0.000000 0.000000 0.000122 0.007576 0.007454 0.000000 0.006667 0.000000 0.000000 0.000000 0.000000 0.000000 0.000000 0.000000 0.000000 0.000000 0.000000 0.000000 0.000000 0.000001 0.000008 0.000032 0.000176 0.142907 0.698336 0.002551 0.000000 0.000000 0.000000 0.000000 0.000000 0.000000 0.000000
 0.000000 0.000000 0.000000 0.000118 0.017274 0.011549 0.011892 0.007729 0.012237 0.009177 0.004512 0.028371 0.003178 0.000000 0.000000 0.000000 0.000000 0.000000 0.000000 0.000000 0.000000 0.007454 0.007454 0.006666 0.000000 0.000000 0.000000 0.000000 0.000000 0.000000 0.000000 0.000000 0.000000 0.000000 0.000000 0.000000 0.000000 0.000000 0.000000 0.000009 0.027192 0.800150 0.016608 0.000000 0.000000 0.000000 0.000000 0.000000 0.000000 0.000000
 0.016857 0.011702 0.011547 0.011508 0.005736 0.000002 0.000202 0.004051 0.004740 0.001011 0.040192 0.012924 0.000000 0.000000 0.000000 0.000000 0.000000 0.000000 0.000000 0.000000 0.000000 0.000000 0.007766 0.010394 0.000157 0.000000 0.000000 0.000000 0.000000 0.000000 0.000000 0.000000 0.000000 0.000000 0.000000 0.000472 0.000157 0.000000 0.000000 0.000001 0.004247 0.744753 0.094958 0.000000 0.000000 0.000000 0.000000 0.000000 0.000000 0.000000
 0.000464 0.000155 0.000000 0.000000 0.000000 0.000000 0.000000 0.000000 0.000015 0.000021 0.027598 0.000122 0.000000 0.000000 0.000000 0.000000 0.000000 0.000000 0.000000 0.000000 0.000000 0.000000 0.000122 0.009498 0.004302 0.000000 0.000000 0.000000 0.000000 0.000000 0.000000 0.000000 0.000000 0.000000 0.000000 0.000157 0.000157 0.000000 0.000000 0.000000 0.000640 0.504505 0.338816 0.000002 0.000000 0.000000 0.000000 0.000000 0.000000 0.000000
 0.000000 0.000000 0.000000 0.000000 0.000000 0.000000 0.000000 0.000000 0.000000 0.000602 0.027344 0.000000 0.000000 0.000000 0.000000 0.000000 0.000000 0.000000 0.000000 0.000000 0.000000 0.000000 0.000000 0.002834 0.010489 0.000093 0.000000 0.000000 0.000000 0.000000 0.000000 0.000000 0.000000 0.000000 0.000000 0.000000 0.000000 0.000000 0.000000 0.000000 0.000096 0.200196 0.643994 0.000125 0.000000 0.000000 0.000000 0.000000 0.000000 0.000000
 0.000000 0.000000 0.000000 0.000000 0.000000 0.000000 0.000000 0.000000 0.000000 0.013954 0.019565 0.005528 0.000000 0.000000 0.000000 0.000000 0.000000 0.000000 0.000000 0.000000 0.000000 0.000000 0.000000 0.000252 0.012106 0.000975 0.000472 0.000157 0.000000 0.000000 0.000000 0.000000 0.000472 0.000157 0.000000 0.000000 0.000000 0.000000 0.000000 0.000000 0.000014 0.042451 0.792529 0.009191 0.000000 0.000000 0.000000 0.000000 0.000000 0.000000
 0.000000 0.000000 0.000000 0.000000 0.000000 0.000000 0.000000 0.000000 0.000023 0.009428 0.005535 0.011055 0.005528 0.000000 0.000000 0.000000 0.000000 0.000000 0.000000 0.000000 0.000000 0.000000 0.000000 0.000024 0.008288 0.005015 0.000163 0.000157 0.000000 0.000000 0.000000 0.000000 0.000157 0.000157 0.000000 0.000000 0.000000 0.000000 0.000000 0.000000 0.000002 0.006797 0.774087 0.063053 0.000019 0.000000 0.000000 0.000000 0.000000 0.000000
 0.000000 0.000000 0.000000 0.000000 0.000000 0.000000 0.000000 0.000000 0.014134 0.004707 0.000000 0.005528 0.011055 0.005528 0.000000 0.000000 0.000000 0.000000 0.000000 0.000000 0.000000 0.000000 0.000000 0.000010 0.003097 0.010359 0.000120 0.000004 0.000000 0.000000 0.000000 0.000000 0.000000 0.000000 0.000000 0.000000 0.000000 0.000000 0.000000 0.000000 0.000000 0.001028 0.579965 0.262818 0.000148 0.000370 0.000123 0.000000 0.000000 0.000000
 0.020013 0.006671 0.000000 0.000000 0.000000 0.000000 0.000000 0.001485 0.008933 0.000000 0.000000 0.000000 0.005528 0.011055 0.005528 0.000000 0.000000 0.000000 0.000000 0.000000 0.000000 0.000000 0.000367 0.000504 0.018059 0.026921 0.010334 0.001777 0.000075 0.000003 0.000000 0.000000 0.000000 0.000000 0.000000 0.000000 0.000000 0.000000 0.000000 0.000000 0.000000 0.000154 0.268708 0.574107 0.000989 0.000124 0.000123 0.000000 0.000000 0.000000
 0.002347 0.008224 0.007453 0.000012 0.000000 0.000000 0.000000 0.013647 0.004219 0.000000 0.000186 0.000062 0.000000 0.005528 0.011055 0.005528 0.000000 0.000000 0.000000 0.000000 0.000000 0.000000 0.000350 0.013718 0.030217 0.010091 0.010529 0.016761 0.009169 0.001174 0.000047 0.000002 0.000000 0.000000 0.000000 0.000000 0.000000 0.000000 0.000000 0.000000 0.000000 0.000023 0.065235 0.772155 0.006544 0.000002 0.000000 0.000000 0.000000 0.000000
 0.000000 0.000012 0.007453 0.008224 0.000782 0.000023 0.009441 0.008052 0.000000 0.000000 0.000071 0.000064 0.000012 0.000000 0.005528 0.011055 0.005528 0.000000 0.000000 0.000000 0.000000 0.000179 0.009761 0.032519 0.010469 0.000640 0.000245 0.002534 0.011679 0.016973 0.012843 0.007308 0.003316 0.000001 0.000000 0.000000 0.000000 0.000000 0.000000 0.000000 0.000000 0.000003 0.010847 0.792128 0.040967 0.000014 0.000000 0.000000 0.000000 0.000000
 0.000000 0.000000 0.000000 0.006672 0.014749 0.009421 0.008045 0.010004 0.000001 0.000042 0.000022 0.000018 0.000072 0.000028 0.000000 0.006343 0.022720 0.024944 0.024944 0.024944 0.027370 0.017106 0.033905 0.012377 0.000640 0.000132 0.000123 0.000006 0.000176 0.003408 0.012271 0.014646 0.008992 0.003389 0.000018 0.000001 0.000000 0.000000 0.000000 0.000000 0.000000 0.000001 0.001651 0.647118 0.195097 0.000092 0.000000 0.000000 0.000000 0.000000
 0.000000 0.000000 0.000000 0.017084 0.005851 0.000000 0.000000 0.006756 0.006621 0.000034 0.000017 0.000003 0.000031 0.000172 0.002502 0.012353 0.008208 0.006696 0.006669 0.006667 0.003333 0.012656 0.033064 0.001004 0.000015 0.000000 0.000000 0.000000 0.000000 0.000010 0.000280 0.004616 0.013473 0.014675 0.005859 0.000307 0.000011 0.000000 0.000000 0.000000 0.000000 0.000000 0.000248 0.344942 0.498153 0.000616 0.000000 0.000000 0.000000 0.000000
 0.001050 0.008600 0.007000 0.010546 0.000086 0.000000 0.000000 0.000157 0.013154 0.000114 0.000003 0.000000 0.000004 0.000071 0.010080 0.006057 0.002281 0.000506 0.000048 0.000004 0.000000 0.000000 0.030830 0.010312 0.000000 0.000000 0.000000 0.000000 0.000000 0.000000 0.000001 0.000017 0.000444 0.005945 0.015134 0.013107 0.003689 0.000193 0.000007 0.000000 0.000000 0.000000 0.000037 0.098002 0.741830 0.004088 0.000001 0.000000 0.000000 0.000000
 0.008950 0.003333 0.000355 0.008925 0.000502 0.000000 0.000000 0.000033 0.006608 0.006756 0.000000 0.000000 0.000001 0.010000 0.003437 0.001068 0.003302 0.003417 0.001222 0.000144 0.000004 0.000000 0.020635 0.020562 0.000000 0.000000 0.000000 0.000000 0.000000 0.000000 0.000000 0.000000 0.000001 0.000027 0.000707 0.007668 0.016245 0.011755 0.002610 0.000121 0.000004 0.000000 0.000006 0.017233 0.800498 0.026214 0.000009 0.000000 0.000000 0.000000
 0.000000 0.000000 0.000000 0.004714 0.004714 0.000000 0.000005 0.000004 0.000004 0.009999 0.003333 0.000000 0.009984 0.003339 0.000005 0.000055 0.000537 0.002542 0.003254 0.001477 0.000008 0.000000 0.020548 0.020548 0.000000 0.000000 0.000000 0.000000 0.000000 0.000000 0.000000 0.000000 0.000000 0.000000 0.000002 0.000045 0.001135 0.009061 0.016741 0.010474 0.001777 0.000075 0.000003 0.002649 0.702569 0.138682 0.000057 0.000000 0.000000 0.000006
 0.000000 0.000000 0.000000 0.000502 0.008926 0.000033 0.000011 0.000003 0.000001 0.003333 0.009999 0.008950 0.003689 0.000005 0.000000 0.000001 0.000015 0.000154 0.003511 0.002991 0.000009 0.000000 0.020548 0.020548 0.000000 0.000000 0.000000 0.000000 0.000000 0.000000 0.000000 0.000000 0.000000 0.000000 0.000000 0.000000 0.000003 0.000073 0.001720 0.010370 0.016761 0.009169 0.001174 0.000427 0.424848 0.418331 0.000383 0.000000 0.000113 0.000043
