 0.000000 0.091309 0.280762 0.388672 0.956055 0.761475 0.457031 0.462891 0.659912 0.649414 0.303711 0.522217 0.634521 0.143311 0.090088 0.038818 0.408447 0.433351 0.122060 0.618284 0.731509 0.722168 0.412109 0.155029 0.568359 0.371338 0.378662 0.676514 0.024414 0.276123 0.047607 0.247070 0.422363 0.196533 0.092773 0.487766 0.614258 0.618164 0.768066 0.467773 0.073242 0.128418 0.335938 0.279541 0.490234 0.148214 0.530449 0.092041 0.246826 0.539307
 0.804443 0.408610 0.176758 0.252686 0.458984 0.385742 0.279541 0.182373 0.356445 0.512533 0.358724 0.366048 0.443766 0.099935 0.181315 0.179118 0.481364 0.234245 0.409811 0.336982 0.310871 0.431886 0.467041 0.060872 0.365479 0.467204 0.510417 0.430013 0.205078 0.279785 0.541178 0.380371 0.326253 0.115397 0.502686 0.284979 0.208496 0.352214 0.489746 0.173910 0.502930 0.300293 0.246908 0.150228 0.330078 0.307132 0.323773 0.118164 0.283529 0.328044
 0.687744 0.364909 0.310059 0.290527 0.499593 0.204264 0.592041 0.312663 0.234294 0.244954 0.341471 0.700846 0.464600 0.302327 0.218506 0.744629 0.213343 0.730358 0.442790 0.614909 0.334191 0.588618 0.313409 0.149089 0.332275 0.332194 0.487467 0.373861 0.492839 0.350342 0.463053 0.078369 0.607585 0.665609 0.641032 0.274758 0.246826 0.564290 0.502686 0.219157 0.303060 0.390055 0.667480 0.446126 0.282413 0.289446 0.571777 0.211670 0.229329 0.205404
 0.519287 0.548096 0.364827 0.527832 0.291341 0.228760 0.309245 0.227946 0.160075 0.230225 0.292236 0.547445 0.360026 0.159505 0.326090 0.378255 0.332935 0.473724 0.309082 0.636963 0.324219 0.186423 0.173746 0.102896 0.110514 0.372233 0.492269 0.244710 0.350016 0.325439 0.243001 0.582031 0.265706 0.482015 0.520996 0.193843 0.457194 0.324056 0.418945 0.429525 0.216471 0.244873 0.374186 0.300404 0.225446 0.557536 0.161296 0.802409 0.357340 0.285319
 0.400391 0.258219 0.191569 0.319173 0.363770 0.617350 0.280762 0.404460 0.237305 0.347331 0.095133 0.562744 0.696126 0.391113 0.228597 0.156905 0.381780 0.273926 0.298991 0.332682 0.640055 0.222249 0.445194 0.225845 0.483736 0.195882 0.389648 0.387533 0.312988 0.149007 0.169108 0.230062 0.231689 0.206055 0.336019 0.201704 0.300130 0.447184 0.343506 0.368571 0.292887 0.416504 0.294346 0.593777 0.074707 0.321940 0.341064 0.345947 0.326579 0.177409
 0.565674 0.200358 0.425619 0.246989 0.175700 0.551758 0.274414 0.198649 0.288900 0.290039 0.258301 0.509440 0.428711 0.713786 0.419446 0.225849 0.551193 0.351318 0.236735 0.240723 0.335612 0.436442 0.485677 0.468720 0.327451 0.232599 0.212728 0.357340 0.376302 0.251953 0.700765 0.487223 0.252930 0.547933 0.218099 0.386424 0.374594 0.635661 0.282552 0.289388 0.138428 0.104621 0.263596 0.259198 0.852458 0.286784 0.206217 0.384033 0.309977 0.167643
 0.035645 0.550130 0.383545 0.251790 0.327311 0.338949 0.414062 0.227539 0.105794 0.397461 0.307699 0.449707 0.279948 0.555094 0.300680 0.256029 0.207520 0.535726 0.439046 0.175700 0.439290 0.283854 0.235596 0.590007 0.423558 0.311042 0.154553 0.647542 0.445557 0.363932 0.388265 0.336833 0.323242 0.280192 0.222249 0.334923 0.219970 0.355957 0.663900 0.226726 0.689209 0.210243 0.199386 0.087972 0.282471 0.344320 0.482178 0.254964 0.199951 0.528646
 0.233398 0.395671 0.586914 0.573568 0.627604 0.354167 0.401774 0.374430 0.235596 0.393962 0.251953 0.482747 0.286377 0.201531 0.389700 0.152181 0.627523 0.321126 0.440104 0.581624 0.283447 0.204102 0.526530 0.279297 0.462240 0.327404 0.355149 0.459980 0.277100 0.222493 0.242188 0.309245 0.211182 0.219157 0.270915 0.152056 0.530419 0.314914 0.350979 0.318403 0.453856 0.190244 0.262533 0.691488 0.240153 0.246989 0.227295 0.199544 0.203451 0.431315
 0.549805 0.507731 0.440430 0.334391 0.278564 0.217694 0.293539 0.408122 0.480062 0.642008 0.472656 0.348471 0.725505 0.528637 0.260223 0.591146 0.508138 0.276937 0.234619 0.228841 0.502116 0.197184 0.291178 0.276042 0.498047 0.302246 0.425493 0.490851 0.482905 0.476644 0.411296 0.506673 0.267009 0.314046 0.233061 0.421027 0.272111 0.045339 0.493641 0.265140 0.348709 0.348392 0.302125 0.212891 0.248291 0.308431 0.182048 0.339274 0.497721 0.257080
 0.569580 0.283773 0.569255 0.687826 0.291423 0.489909 0.182292 0.173258 0.479329 0.612223 0.436442 0.422201 0.522887 0.475602 0.602295 0.295573 0.318522 0.343994 0.206787 0.346598 0.231038 0.473389 0.191976 0.237142 0.329427 0.705241 0.231771 0.312357 0.237671 0.444824 0.389079 0.414469 0.365316 0.677927 0.309714 0.404592 0.571126 0.378581 0.654053 0.206384 0.272461 0.522054 0.156589 0.155939 0.240717 0.205566 0.191406 0.374268 0.339355 0.457601
 1.241670 0.534786 0.364044 0.315702 0.758382 0.524902 0.357585 0.289469 0.071452 0.387858 0.329753 0.380046 0.323831 0.326954 0.486247 0.282552 0.333171 0.371663 0.423910 0.216390 0.125326 0.222493 0.302653 0.063558 0.125814 0.311605 0.235840 0.177653 0.409249 0.622994 0.402521 0.183187 0.347972 0.421898 0.376068 0.222656 0.175293 0.184326 0.260742 0.409749 0.445394 0.305908 0.098389 0.098958 0.292276 0.330890 0.508316 0.352458 0.352946 0.180746
 0.302116 0.583533 0.947236 0.955490 1.267520 1.093217 0.901988 0.562869 0.218395 0.615481 0.368896 0.275593 0.298312 0.193604 0.315104 0.339193 0.237549 0.202881 0.246745 0.268148 0.099854 0.280762 0.106608 0.128825 0.333577 0.388590 0.357992 0.312988 0.266846 0.302845 0.187257 0.668556 0.269848 0.436553 0.350016 0.206137 0.344401 0.147217 0.071615 0.142904 0.373210 0.429525 0.168294 0.215820 0.246012 0.106771 0.293438 0.272055 0.137139 0.207601
 0.115723 0.372477 0.281087 0.130452 0.356527 0.312687 0.247744 0.775483 0.884596 1.114906 0.992322 0.476548 0.216673 0.325602 0.283367 0.366943 0.099772 0.288656 0.103678 0.290527 0.469482 0.250326 0.443197 0.269287 0.260010 0.300212 0.442546 0.398926 0.351562 0.421305 0.298471 0.475745 0.261011 0.376058 0.274414 0.293701 0.396159 0.397298 0.482747 0.289551 0.557617 0.295003 0.779134 0.599365 0.283366 0.510173 0.293132 0.238037 0.216218 0.674217
 0.095703 0.189535 0.345785 0.606527 0.607096 0.217611 0.252441 0.252360 0.569010 0.225911 0.129883 0.788100 1.027425 0.361979 0.269694 0.248535 0.322835 0.240560 0.392008 0.293783 0.373617 0.564046 0.399902 0.424479 0.466227 0.192952 0.335368 0.501221 0.326416 0.266357 0.246587 0.341011 0.223470 0.190186 0.172607 0.268066 0.187744 0.262044 0.703369 0.294596 0.236491 0.199463 0.467855 0.358887 0.288330 0.241943 0.524495 0.635498 0.318929 0.374678
 0.240967 0.215413 0.459229 0.458415 0.385010 0.308675 0.316081 0.142090 0.301351 0.272949 0.175212 0.295899 0.869329 1.006708 0.506429 0.202474 0.126872 0.204427 0.148031 0.464762 0.289469 0.525391 0.260173 0.091471 0.143880 0.107422 0.146484 0.292399 0.178304 0.374268 0.252526 0.206945 0.305827 0.128825 0.114421 0.117757 0.201416 0.505534 0.546956 0.259928 0.034017 0.241048 0.187744 0.087158 0.109863 0.080404 0.420817 0.343831 0.624919 0.265055
 0.451172 0.339437 0.408366 0.635335 0.401042 0.551188 0.374268 0.307536 0.068035 0.202962 0.235433 0.148519 0.288364 0.940954 0.458625 0.251546 0.193115 0.038094 0.061605 0.471273 0.262370 0.279704 0.166423 0.113608 0.179443 0.457438 0.597738 0.379476 0.697184 0.224609 0.310309 0.101250 0.241292 0.165446 0.112874 0.252686 0.245931 0.198161 0.359375 0.601156 0.367188 0.235596 0.578532 0.213542 0.616130 0.294759 0.332357 0.120524 0.410726 0.564860
 0.098389 0.475586 0.428304 0.331706 0.140706 0.599365 0.448893 0.176188 0.087321 0.134359 0.140137 0.156494 0.228516 0.606404 0.684515 0.232096 0.188639 0.110352 0.307536 0.433350 0.302002 0.140869 0.431641 0.136556 0.144451 0.236572 0.320312 0.314535 0.345296 0.318766 0.224679 0.442220 0.271484 0.280762 0.149577 0.074870 0.308187 0.236979 0.434896 0.574382 0.521729 0.234456 0.268880 0.240560 0.282715 0.237142 0.422770 0.314128 0.239095 0.243001
 0.355957 0.285645 0.277262 0.367594 0.287109 0.247803 0.308105 0.223063 0.182048 0.460938 0.393148 0.706055 0.347900 0.496989 0.650811 0.711781 0.261149 0.232503 0.222738 0.240885 0.204997 0.300049 0.342367 0.212728 0.124430 0.412272 0.245036 0.275391 0.376628 0.275165 0.174634 0.121908 0.428874 0.401774 0.479167 0.271243 0.250651 0.439779 0.405762 0.387777 0.609945 0.320964 0.184896 0.537435 0.187907 0.754395 0.337972 0.751302 0.295329 0.107747
 0.202393 0.279215 0.271810 0.358643 0.299235 0.221517 0.219320 0.554199 0.234375 0.331217 0.243896 0.424642 0.715658 0.254557 0.391603 0.727312 0.966143 0.462077 0.339355 0.317139 0.299642 0.193685 0.298665 0.092529 0.512044 0.306722 0.256022 0.276774 0.147835 0.079872 0.123259 0.184408 0.307048 0.391927 0.429199 0.387370 0.238363 0.295573 0.812581 0.347331 0.568034 0.353027 0.213542 0.555990 0.309733 0.360026 0.538574 0.374675 0.317871 0.500407
 0.581787 0.226725 0.674967 0.314372 0.169108 0.242025 0.529541 0.558675 0.371501 0.187337 0.175700 0.334961 0.423177 0.281901 0.239909 0.303552 0.822777 0.074185 0.244792 0.293132 0.563395 0.422282 0.293376 0.333415 0.362956 0.574707 0.282145 0.551794 0.417611 0.264358 0.128176 0.056946 0.110352 0.173340 0.235840 0.554443 0.286133 0.194661 0.296875 0.272786 0.226562 0.242757 0.247721 0.601644 0.286947 0.208008 0.401855 0.214762 0.082845 0.148112
 0.013672 0.455973 0.347493 0.281576 0.282471 0.203125 0.235352 0.309245 0.264974 0.240072 0.188802 0.116455 0.448161 0.376628 0.487630 0.463373 0.840092 1.019201 0.964266 0.981690 0.882693 0.626980 0.447295 0.354981 0.356046 0.470006 0.224699 0.289372 0.798548 0.762440 0.444160 0.305160 0.410319 0.401367 0.204753 0.363200 0.497152 0.381917 0.211996 0.455485 0.436279 0.350586 0.580973 0.318604 0.574707 0.301188 0.493083 0.347249 0.250651 0.424642
 0.185303 0.093262 0.213704 0.354167 0.390951 0.328695 0.107747 0.324300 0.202962 0.350505 0.197021 0.388428 0.292806 0.500895 0.308768 0.800201 0.381316 0.447266 0.172119 0.120931 0.181481 0.719598 1.106252 1.065632 0.982979 0.845987 0.806676 1.187828 0.806855 0.626213 0.814077 0.914990 0.536835 0.159485 0.215821 0.249186 0.427327 0.643392 0.241947 0.229167 0.312419 0.292969 0.438232 0.416097 0.534831 0.247966 0.355794 0.314779 0.594645 0.374756
 0.783447 0.462565 0.208171 0.229248 0.275472 0.182210 0.413656 0.229818 0.137533 0.615316 0.583008 0.440104 0.464193 0.377287 0.274479 0.338228 0.561930 0.325765 0.313151 0.456462 0.174642 0.384440 0.383870 0.253255 0.321862 0.530919 0.888180 0.511065 0.224314 0.389505 0.237911 0.120282 0.703144 1.080656 0.983975 1.162384 0.994825 0.753427 0.344509 0.176061 0.156331 0.218099 0.575358 0.482747 0.493571 0.728109 0.450765 0.741764 1.143823 0.978427
 0.337646 0.571696 0.412435 0.225749 0.125081 0.475993 0.407145 0.249023 0.547201 0.400716 0.310872 0.464274 0.093425 0.714497 0.403969 0.413005 0.310059 0.526855 0.551514 0.436198 0.339111 0.494792 0.322021 0.676676 0.373861 0.313489 1.060816 0.336399 0.261493 0.250081 0.261475 0.197022 0.753567 0.200600 0.799398 0.218508 0.842933 0.534666 0.770336 0.890279 1.121796 0.975017 0.947518 0.578545 0.757519 1.328581 1.144514 0.837883 0.299687 0.279704
 0.040771 0.330648 0.237223 0.269206 0.491943 0.346110 0.631429 0.235107 0.138590 0.235107 0.283122 0.448730 0.315595 0.556675 0.324463 0.696940 0.471436 0.288493 0.196452 0.569499 0.352376 0.235107 0.326904 0.282796 0.571370 0.161784 0.972078 0.185791 0.753581 0.333740 0.236654 0.118490 0.450769 0.471704 0.317464 0.428792 0.429769 0.351807 0.181722 0.435547 0.467855 0.278812 0.245553 0.573466 0.794225 0.588919 0.234457 0.286540 0.536784 0.197510
 0.329834 0.599284 0.537760 0.378906 0.523112 0.315104 0.368652 0.263346 0.661540 0.425374 0.341064 0.249163 0.307565 0.221517 0.599935 0.402832 0.430420 0.389648 0.247152 0.238851 0.268555 0.453125 0.547282 0.302897 0.562256 0.331507 0.896234 0.054525 0.249919 0.238607 0.393962 0.341390 0.344172 0.434027 0.177653 0.141032 0.254069 0.354248 0.561605 0.585856 0.401774 0.297038 0.310547 0.504069 0.284005 0.431071 0.277995 0.522786 0.352132 0.358154
 0.235107 0.312581 0.665039 0.316813 0.316162 0.300293 0.346598 0.833984 0.256918 0.608398 0.305920 0.199453 0.428630 0.318441 0.431722 0.283447 0.214030 0.212402 0.178385 0.088053 0.276123 0.290609 0.321289 0.275716 0.425944 0.442759 0.948315 0.740316 0.382894 0.278320 0.240641 0.312988 0.661458 0.298444 0.336275 0.288167 0.383870 0.267822 0.320882 0.274577 0.215413 0.286377 0.166748 0.184252 0.120663 0.330648 0.266276 0.281331 0.268962 0.352051
 0.431152 0.275309 0.379720 0.379232 0.289958 0.227376 0.241292 0.392090 0.689941 0.283913 0.174849 0.305664 0.194906 0.207031 0.389567 0.336507 0.110270 0.461263 0.306885 0.178223 0.160238 0.156087 0.522542 0.212402 0.269938 1.125187 0.579285 0.415039 0.289225 0.324463 0.248454 0.195312 0.280192 0.215817 0.137322 0.218424 0.380371 0.260905 0.349609 0.321370 0.561279 0.191325 0.341390 0.300329 0.461435 0.283936 0.127279 0.285156 0.486328 0.603353
 0.561035 0.237549 0.184814 0.100260 0.585938 0.159993 0.065999 0.384440 0.356926 0.361632 0.121258 0.137289 0.309896 0.416178 0.434896 0.345947 0.199707 0.277018 0.122640 0.323242 0.460042 0.478516 0.338135 0.178874 0.275309 1.033543 0.192055 0.547770 0.257243 0.264648 0.411784 0.210856 0.641520 0.628499 0.483786 0.463298 0.326416 0.380859 0.219645 0.098226 0.424316 0.323405 0.139404 0.247760 0.185050 0.284017 0.341553 0.379801 0.340983 0.369385
 0.077637 0.505534 0.255208 0.142171 0.431152 0.787923 0.233805 0.153067 0.237955 0.321778 0.420166 0.274658 0.394043 0.409668 0.274170 0.370524 0.176270 0.366455 0.178874 0.641032 0.378662 0.356364 0.500244 0.296305 0.557210 0.904684 0.164308 0.239746 0.231852 0.426025 0.473714 0.157633 0.473063 0.581217 0.294917 0.292622 0.275879 0.301758 0.127360 0.746663 0.380127 0.353434 0.085205 0.195862 0.389811 0.111410 0.437174 0.726074 0.321940 0.253988
 0.186768 0.222412 0.202148 0.331299 0.567220 0.278727 0.647847 0.167973 0.357434 0.360107 0.437826 0.538167 0.390625 0.517659 0.183838 0.359212 0.342529 0.175212 0.304688 0.365560 0.350423 0.445719 0.620036 0.595215 0.466154 1.233795 0.373210 0.700928 0.526123 0.466878 0.317708 0.716716 0.333415 0.304443 0.291299 0.137313 0.115479 0.585612 0.345866 0.503011 0.563232 0.319743 0.169678 0.166800 0.273519 0.717692 0.312174 0.268880 0.329915 0.422201
 0.149400 0.170803 0.172979 0.416242 0.391300 0.309197 0.308971 0.406781 0.687500 0.240072 0.393636 0.250814 0.257568 0.380697 0.646484 0.321696 0.305990 0.158610 0.173014 0.516357 0.188883 0.435791 0.314860 0.425293 0.370557 0.958207 0.586508 0.488444 0.189535 0.203695 0.177246 0.202148 0.528646 0.352946 0.490560 0.254703 0.203044 0.295085 0.445150 0.325033 0.260742 0.165365 0.340658 0.164318 0.418620 0.483805 0.489909 0.180664 0.308268 0.290853
 0.120361 0.242025 0.219645 0.611565 0.266199 0.248484 0.406592 0.339030 0.379232 0.332601 0.174479 0.518229 0.494303 0.474447 0.607829 0.334147 0.337565 0.114421 0.139323 0.135986 0.178548 0.244385 0.264079 0.134359 1.116437 0.747391 0.320231 0.553630 0.089925 0.167643 0.386800 0.163981 0.440430 0.097087 0.330811 0.311775 0.362654 0.678711 0.412679 0.338623 0.246094 0.611003 0.496826 0.250332 0.470133 0.444173 0.350260 0.215983 0.251058 0.432048
 0.323730 0.398112 0.482259 0.402669 0.275879 0.195313 0.153217 0.109485 0.236572 0.195475 0.112631 0.347087 0.353923 0.399414 0.222656 0.307292 0.585775 0.622640 0.233480 0.199137 0.263672 0.503174 0.506592 0.374430 1.098135 0.354444 0.163981 0.450521 0.145345 0.196859 0.594320 0.444743 0.329671 0.276367 0.608154 0.317245 0.559152 0.478353 0.696859 0.392822 0.769775 0.603841 0.322510 0.153204 0.438477 0.400309 0.276611 0.193441 0.081380 0.397949
 0.388428 0.358887 0.251465 0.401611 0.202393 0.218262 0.116223 0.124708 0.289736 0.151123 0.154948 0.520671 0.290120 0.616536 0.425863 0.632650 0.494141 0.422770 0.325521 0.590983 0.666748 0.547119 0.313395 0.337565 0.929056 0.112718 0.438558 0.293457 0.255046 0.574870 0.355306 0.263590 0.131266 0.219076 0.162598 0.358968 0.237569 0.488444 0.400228 0.409505 0.342122 0.325684 0.198242 0.691287 0.339518 0.408203 0.236654 0.231120 0.404134 0.385661
 0.070068 0.174886 0.164876 0.308919 0.341960 0.519368 0.598063 0.441187 0.624523 0.413981 0.178141 0.186768 0.314372 0.196452 0.375244 0.272217 0.185628 0.508708 0.603923 0.438639 0.390299 0.429850 0.177490 0.335206 1.070531 0.221761 0.401611 0.842611 0.505452 0.465983 0.317952 0.593343 0.224772 0.537760 0.295329 0.173584 0.750284 0.372094 0.314535 0.493571 0.299561 0.205729 0.523926 0.503898 0.324382 0.311523 0.276937 0.292399 0.170166 0.635905
 0.544678 0.463460 0.678955 0.375081 0.256267 0.314535 0.430664 0.262126 0.416858 0.122201 0.388833 0.319937 0.155834 0.050470 0.316657 0.334335 0.143870 0.075142 0.911540 0.423584 0.284343 0.211019 0.254313 0.459741 0.888771 0.511637 0.506999 0.604492 0.298910 0.295492 0.317790 0.330322 0.305257 0.447835 0.294759 0.102132 0.280950 0.331591 0.437174 0.528564 0.372396 0.365479 0.255092 0.311904 0.270752 0.403076 0.197302 0.304192 0.144322 0.314490
 0.060791 0.430664 0.329427 0.608073 0.326579 0.352051 0.303223 0.213867 0.317757 0.308661 0.199788 0.106689 0.617920 0.363770 0.438883 0.351483 0.817321 0.654587 0.574745 0.342971 0.164873 0.270976 0.317950 0.188806 0.998031 0.271729 0.725505 0.457845 0.151693 0.556071 0.496012 0.330811 0.407227 0.534668 0.458984 0.230794 0.207601 0.235332 0.246094 0.343831 0.220215 0.223470 0.475916 0.359601 0.187074 0.488352 0.463985 0.547919 0.354574 0.575521
 0.345703 0.223226 0.394450 0.538900 0.401367 0.255046 0.210693 0.179850 0.601700 0.307297 0.313314 0.213542 0.246745 0.601969 0.373454 0.250163 0.246175 0.490641 0.403564 0.216715 0.100505 0.188477 0.731038 0.366621 0.955900 0.124641 0.222493 0.227702 0.120361 0.313802 0.444336 0.286377 0.060384 0.344076 0.378092 0.260173 0.214844 0.171362 0.507152 0.371025 0.360167 0.525378 0.746183 0.296295 0.176759 0.328044 0.347168 0.272868 0.465332 0.271566
 0.254150 0.364014 0.281901 0.442546 0.629801 0.339600 0.637939 0.276206 0.330994 0.256964 0.225667 0.562663 0.335856 0.480957 0.391113 0.452962 0.607829 0.263184 0.165934 0.155762 0.218506 0.121745 0.434326 0.585124 0.742837 0.712672 0.196452 0.658529 0.381266 0.102625 0.261963 0.524577 0.497314 0.526937 0.420654 0.261455 0.128173 0.263149 0.375083 0.238958 0.226902 0.479484 0.490640 0.318035 0.512370 0.265137 0.421061 0.355550 0.243164 0.153809
 0.037598 0.270426 0.514404 0.540609 0.271810 0.216634 0.416097 0.237549 0.276252 0.457401 0.263265 0.487061 0.561198 0.183838 0.348633 0.271647 0.214030 0.131755 0.502360 0.513835 0.361816 0.110596 0.421875 0.254476 0.313151 1.009892 0.258869 0.602458 0.488118 0.317708 0.280520 0.342367 0.313558 0.252838 0.482495 0.256892 0.356227 0.314290 0.264893 0.289795 0.338867 0.371095 0.277139 0.159026 0.162435 0.352620 0.168457 0.517822 0.440918 0.264486
 0.232910 0.360840 0.261800 0.377604 0.264242 0.303874 0.377686 0.398356 0.318689 0.178503 0.097014 0.348714 0.507894 0.223796 0.218506 0.124268 0.243083 0.255452 0.275065 0.301514 0.339844 0.558268 0.606934 0.434814 0.431234 0.696746 0.815807 0.357259 0.497233 0.673665 0.444499 0.407362 0.387409 0.437555 0.563473 0.514811 0.253092 0.084229 0.165202 0.632731 0.298747 0.385824 0.393883 0.456635 0.500301 0.631070 0.315755 0.288249 0.337158 0.406982
 0.072510 0.115560 0.202474 0.272380 0.568929 0.493815 0.694661 0.335221 0.378999 0.183360 0.518855 0.483725 0.312012 0.561442 0.332520 0.136882 0.094971 0.151367 0.124512 0.506429 0.280762 0.237956 0.315104 0.288249 0.106445 0.091716 1.180382 0.326703 0.231445 0.551007 0.411371 0.213143 0.768408 0.424886 0.453776 0.253906 0.242594 0.208333 0.148519 0.416829 0.393636 0.300130 0.076657 0.435819 0.270182 0.485059 0.337622 0.080827 0.185221 0.235758
 0.059570 0.482585 0.497965 0.498942 0.435710 0.306803 0.616707 0.448850 0.216227 0.331950 0.455961 0.289259 0.497477 0.354980 0.248698 0.173584 0.146729 0.089925 0.130697 0.298503 0.160889 0.217529 0.654785 0.409017 0.614176 0.431803 0.597806 0.969804 0.472103 0.497086 0.183016 0.169759 0.293864 0.272380 0.434001 0.027832 0.175130 0.211344 0.873454 0.536702 0.320719 0.351725 0.188863 0.382530 0.189046 0.360596 0.070737 0.505724 0.214630 0.249597
 0.154541 0.253743 0.543132 0.331136 0.713704 0.527344 0.552195 0.267111 0.174886 0.097493 0.288818 0.304066 0.272110 0.348958 0.332601 0.208171 0.254557 0.218994 0.281006 0.268066 0.238200 0.153158 0.530436 0.258545 0.157145 0.114258 0.181803 1.109230 0.359307 0.466227 0.604574 0.410075 0.323242 0.531576 0.340169 0.529378 0.257161 0.652588 0.362630 0.395426 0.502034 0.455566 0.384574 0.287760 0.491781 0.270833 0.262370 0.646810 0.268043 0.415447
 0.130859 0.531738 0.434326 0.319906 0.387044 0.423807 0.347885 0.209391 0.128906 0.073405 0.116618 0.554199 0.246144 0.223375 0.270752 0.326986 0.261393 0.688802 0.266195 0.183024 0.449626 0.639974 0.313477 0.179443 0.103434 0.535563 0.406006 1.113762 0.406576 0.291423 0.439290 0.396810 0.450277 0.722982 0.358480 0.324870 0.492839 0.435872 0.343831 0.171387 0.148519 0.355713 0.742202 0.297282 0.207113 0.398193 0.286947 0.383708 0.337809 0.189535
 0.644287 0.392497 0.180583 0.256022 0.267675 0.256273 0.204834 0.143555 0.231608 0.110270 0.170654 0.215902 0.134277 0.293832 0.215643 0.523682 0.608236 0.431803 0.437174 0.258545 0.326904 0.330322 0.263672 0.176921 0.182617 0.389079 0.345509 0.926765 0.088786 0.539551 0.404704 0.333822 0.217529 0.340983 0.347249 0.299398 0.074870 0.354980 0.197917 0.188477 0.364258 0.523926 0.543953 0.641195 0.181641 0.130290 0.125000 0.574219 0.382568 0.156250
 0.603516 0.326335 0.197184 0.083171 0.230486 0.401244 0.250977 0.491374 0.336344 0.340576 0.169840 0.145508 0.239990 0.341715 0.043377 0.030803 0.652669 0.275798 0.153483 0.323324 0.264811 0.238525 0.442383 0.200277 0.395671 0.244710 0.395275 0.873564 0.112223 0.563883 0.572184 0.535482 0.423096 0.155355 0.148112 0.274984 0.405436 0.583577 0.261882 0.098958 0.197835 0.386230 0.331707 0.367188 0.311605 0.307536 0.338949 0.274740 0.122721 0.072428
 0.457031 0.386719 0.573161 0.405514 0.339634 0.354818 0.216553 0.430664 0.566406 0.491618 0.374837 0.340576 0.252441 0.225749 0.249761 0.129841 0.226728 0.245931 0.272380 0.276774 0.712565 0.249268 0.409342 0.346436 0.551514 0.281820 1.137958 0.816486 0.309896 0.518148 0.463379 0.413656 0.475668 0.233073 0.232992 0.100667 0.122559 0.400391 0.278727 0.315267 0.264242 0.375815 0.212723 0.331868 0.252604 0.309489 0.381185 0.526123 0.360107 0.098633
 0.018311 0.603678 0.746828 0.406747 0.157389 0.091797 0.146647 0.232992 0.266276 0.289876 0.223389 0.377197 0.463623 0.275228 0.390137 0.380457 0.246546 0.576254 0.522135 0.286133 0.432943 0.700684 0.317301 0.475342 0.462402 0.267881 0.957336 0.461417 0.412842 0.656413 0.419678 0.410319 0.437419 0.402018 0.280192 0.168945 0.313232 0.342611 0.543945 0.295085 0.226888 0.229535 0.163465 0.079834 0.378743 0.215576 0.253499 0.433512 0.288249 0.510498
