 0.000000 0.000000 0.000000 0.000000 0.008659 0.008661 0.000000 0.002153 0.002120 0.022360 0.000000 0.000000 0.000000 0.000000 0.000000 0.000000 0.000004 0.019996 0.000000 0.000000 0.000000 0.000000 0.000000 0.000000 0.000000 0.000000 0.000000 0.000000 0.000000 0.000000 0.000000 0.000000 0.000000 0.000000 0.000000 0.060828 0.009864 0.000068 0.000000 0.000000 0.000000 0.000000 0.000000 0.000000 0.000000 0.000000 0.000000 0.000000 0.000000 0.000000
 0.004998 0.003332 0.003332 0.007109 0.011993 0.002887 0.000000 0.000788 0.000797 0.014907 0.000000 0.000000 0.000000 0.000000 0.000000 0.000000 0.000001 0.013331 0.000001 0.000000 0.000000 0.000000 0.000000 0.000000 0.000000 0.000000 0.000000 0.000000 0.000000 0.000000 0.000000 0.000000 0.000000 0.000000 0.000000 0.040552 0.006576 0.000045 0.000000 0.000000 0.000000 0.000000 0.000000 0.000000 0.000000 0.000000 0.000000 0.000000 0.000000 0.000000
 0.004998 0.003332 0.003333 0.013044 0.003334 0.000000 0.000000 0.000075 0.000075 0.014895 0.000012 0.000000 0.000000 0.000000 0.000000 0.000000 0.000000 0.013242 0.000092 0.000000 0.000000 0.000000 0.000000 0.000000 0.000000 0.000000 0.000000 0.000000 0.000000 0.000000 0.000000 0.000000 0.000000 0.000000 0.000000 0.040552 0.006576 0.000045 0.000000 0.000000 0.000000 0.000000 0.000000 0.000000 0.000000 0.000000 0.000000 0.000000 0.000000 0.000000
 0.000002 0.000001 0.007070 0.007071 0.000001 0.000000 0.000000 0.000005 0.000005 0.007454 0.007454 0.000000 0.000000 0.000000 0.000000 0.000000 0.000000 0.009910 0.003424 0.000000 0.000000 0.000000 0.000000 0.000000 0.000000 0.000500 0.000167 0.000000 0.000000 0.000000 0.000000 0.000000 0.000000 1.301192 0.867747 0.855761 0.433729 0.011322 0.000000 0.000000 0.000000 0.000000 0.000000 0.000000 0.000000 0.000000 0.000000 0.000370 0.000123 0.000000
 0.000000 0.000003 0.011782 0.002358 0.000000 0.000000 0.000007 0.000003 0.000000 0.000012 0.014895 0.000000 0.000000 0.000000 0.000000 0.000000 0.000000 0.003424 0.009910 0.000000 0.000000 0.000000 0.000000 0.000000 0.000000 0.000167 0.000167 0.000000 0.000000 0.000000 0.000000 0.000000 1.301384 0.433952 0.000157 0.000000 0.410680 0.832659 0.422139 0.000160 0.000000 0.000000 0.000000 0.000000 0.000000 0.000000 0.000000 0.000123 0.000123 0.000000
 0.000000 0.007070 0.007071 0.000001 0.000000 0.000095 0.000032 0.000004 0.000000 0.000000 0.014907 0.000000 0.000000 0.000000 0.000000 0.000000 0.000000 0.000092 0.013242 0.000000 0.000000 0.000000 0.000000 0.000000 0.000000 0.000000 0.000000 0.000000 0.000000 0.000000 0.000000 1.301384 0.433795 0.000000 0.000000 0.000000 0.000000 0.000001 0.421820 0.843759 0.421942 0.000002 0.000000 0.000000 0.000000 0.000000 0.000000 0.000000 0.000000 0.000000
 0.000003 0.011782 0.002358 0.000000 0.000748 0.000268 0.000078 0.000004 0.000000 0.000000 0.008236 0.006671 0.000000 0.000000 0.000000 0.000000 0.000000 0.000001 0.013349 0.005720 0.047106 0.038343 0.036543 0.036895 0.018369 0.000000 0.000000 0.000000 0.000000 0.000000 1.301192 0.433952 0.000000 0.000000 0.000000 0.000000 0.000000 0.000000 0.000000 0.000040 0.422017 0.841074 0.419097 0.000000 0.000370 0.000123 0.000000 0.000000 0.000000 0.000000
 0.007068 0.007071 0.000001 0.000000 0.001369 0.000711 0.000091 0.000004 0.000000 0.000000 0.001277 0.014504 0.000122 0.000000 0.000000 0.000000 0.005750 0.052856 0.036485 0.034569 0.018257 0.001946 0.000030 0.000158 0.018415 0.018257 0.000000 0.000000 0.000000 0.000000 0.867747 0.000157 0.000000 0.000000 0.000000 0.000000 0.000000 0.000000 0.000000 0.000000 0.000000 0.002883 0.424862 0.421980 0.000123 0.000123 0.000000 0.000000 0.000000 0.000000
 0.018708 0.007354 0.000495 0.000000 0.000539 0.000554 0.000070 0.000003 0.000000 0.017900 0.014143 0.011101 0.000350 0.000057 0.000014 0.054771 0.034598 0.016341 0.000000 0.000000 0.000000 0.000000 0.000000 0.000000 0.000000 0.018257 0.018257 0.000000 0.000000 0.000000 0.867589 0.000000 0.000000 0.000000 0.000000 0.000000 0.000000 0.000000 0.000000 0.000000 0.000000 0.000000 0.000000 0.843955 0.000004 0.000000 0.000000 0.000000 0.000000 0.000000
 0.000000 0.004219 0.008933 0.008933 0.004219 0.000052 0.019957 0.013344 0.013333 0.007366 0.000814 0.003265 0.003288 0.000171 0.054952 0.018414 0.000000 0.000000 0.000000 0.000000 0.000000 0.000000 0.000000 0.000000 0.000000 0.000000 0.018683 0.018369 0.000000 0.000001 0.867589 0.000000 0.000000 0.000000 0.000000 0.000000 0.000000 0.000000 0.000000 0.000000 0.000000 0.000000 0.000000 0.825873 0.018501 0.000432 0.000010 0.000000 0.000000 0.000000
 0.000000 0.000000 0.000000 0.000495 0.010036 0.015680 0.006667 0.000011 0.000000 0.000000 0.000000 0.000000 0.003151 0.003288 0.036590 0.000157 0.000000 0.000000 0.000000 0.000000 0.000000 0.000000 0.000000 0.000000 0.000000 0.000000 0.000157 0.036625 0.000005 0.002652 0.866705 0.000000 0.000000 0.000000 0.000000 0.000000 0.000000 0.000000 0.000000 0.000000 0.000000 0.000000 0.000000 0.405716 0.755250 0.396937 0.044855 0.001115 0.000025 0.000001
 0.000000 0.000000 0.000000 0.000000 0.011593 0.002421 0.000000 0.000000 0.000000 0.000000 0.000000 0.000000 0.000000 0.003494 0.035497 0.000000 0.000000 0.000000 0.000000 0.000000 0.000000 0.000000 0.000000 0.000000 0.000000 0.000000 0.000000 0.032238 0.026484 1.178381 0.470507 0.000000 0.000000 0.000000 0.000000 0.000000 0.000000 0.000000 0.000000 0.000000 0.000000 0.000000 0.000000 0.001819 0.070188 0.445869 0.769020 0.489211 0.104113 0.038236
 0.000000 0.000000 0.000000 0.000000 0.009489 0.000065 0.000000 0.000000 0.000000 0.000000 0.000000 0.000000 0.000001 0.000194 0.034619 0.000000 0.000000 0.000000 0.000000 0.000000 0.000000 0.000000 0.000000 0.000000 0.000000 0.000000 0.000000 0.014120 0.851021 0.605151 0.037840 0.000157 0.000000 0.000000 0.000000 0.000000 0.000000 0.000000 0.000000 0.000000 0.000000 0.000000 0.000472 0.000158 0.000016 0.020582 0.041787 0.363563 0.749463 0.832284
 0.000000 0.000000 0.000000 0.000000 0.009429 0.000001 0.000000 0.000000 0.000000 0.000000 0.000000 0.000000 0.000081 0.005580 0.034372 0.000000 0.000000 0.000000 0.000000 0.000000 0.000000 0.000000 0.000000 0.000000 0.000000 0.000000 0.000000 0.000139 0.567379 0.284580 0.000197 0.000157 0.000000 0.000000 0.000000 0.000000 0.000000 0.000000 0.000000 0.000000 0.000000 0.000000 0.000157 0.000157 0.020000 0.006789 0.000122 0.000000 0.000000 0.000000
 0.000000 0.000000 0.000000 0.000000 0.009428 0.000000 0.000000 0.000000 0.000000 0.000000 0.000000 0.000033 0.003764 0.006733 0.034055 0.000000 0.000000 0.000000 0.000000 0.000000 0.000000 0.000000 0.000000 0.000000 0.000000 0.000000 0.000000 0.000127 0.565663 0.282864 0.000032 0.000000 0.000000 0.000000 0.000000 0.000000 0.000000 0.000000 0.000000 0.000000 0.000000 0.000000 0.000000 0.020000 0.006667 0.000000 0.000000 0.000000 0.000000 0.000000
 0.000000 0.000000 0.000560 0.041037 0.019713 0.005528 0.000000 0.000000 0.000000 0.000000 0.000013 0.001922 0.007856 0.002168 0.034345 0.000157 0.000000 0.000000 0.000000 0.000000 0.000000 0.000000 0.000000 0.000000 0.000000 0.000000 0.000472 0.000240 0.565663 0.282863 0.000032 0.000000 0.000000 0.000472 0.000157 0.000000 0.000000 0.000000 0.000000 0.000472 0.000157 0.000000 0.020046 0.006789 0.000000 0.000000 0.000000 0.000000 0.000000 0.000000
 0.000008 0.040669 0.027487 0.013560 0.005530 0.011055 0.005528 0.000000 0.000000 0.000000 0.000861 0.008514 0.002940 0.000075 0.034151 0.000157 0.000000 0.000000 0.000000 0.000000 0.000000 0.000000 0.000000 0.000000 0.000000 0.000000 0.000157 0.000240 0.565663 0.282863 0.000032 0.000000 0.000000 0.000157 0.000157 0.000000 0.000000 0.000000 0.000000 0.000157 0.000157 0.000000 0.013456 0.000122 0.000000 0.000000 0.000000 0.000000 0.000000 0.000000
 0.041223 0.013928 0.000187 0.000000 0.000000 0.005528 0.011055 0.005528 0.000000 0.000000 0.008595 0.003592 0.000186 0.000343 0.033978 0.000000 0.000000 0.000000 0.000000 0.000000 0.000000 0.000000 0.000000 0.000000 0.000000 0.000000 0.000000 0.000127 0.565663 0.282863 0.000032 0.000000 0.000000 0.000000 0.000000 0.000000 0.000000 0.000000 0.000000 0.000000 0.000000 0.000000 0.013333 0.000000 0.000000 0.000000 0.000000 0.000000 0.000000 0.000000
 0.000000 0.000000 0.000000 0.000000 0.000000 0.000000 0.005528 0.011055 0.005528 0.000000 0.007032 0.000377 0.000003 0.050975 0.016982 0.000000 0.000000 0.000472 0.000157 0.000000 0.000000 0.000000 0.000000 0.000472 0.000157 0.000000 0.000000 0.000127 0.565663 0.282863 0.000032 0.000000 0.000000 0.000000 0.000000 0.000000 0.000000 0.000000 0.000000 0.000000 0.000000 0.000000 0.013333 0.000000 0.000000 0.000000 0.000000 0.000000 0.000000 0.000000
 0.000000 0.000000 0.000000 0.000000 0.000000 0.000000 0.000000 0.005528 0.011055 0.005528 0.006669 0.000002 0.050990 0.016997 0.000000 0.000000 0.000000 0.000157 0.000157 0.000000 0.000000 0.000000 0.000000 0.000157 0.000157 0.000000 0.000000 0.000127 0.565663 0.282863 0.000032 0.000000 0.000000 0.000000 0.000000 0.000000 0.000000 0.000000 0.000000 0.000000 0.000000 0.000000 0.013333 0.000000 0.000000 0.000000 0.000000 0.000000 0.000000 0.000000
 0.000000 0.000000 0.000000 0.000000 0.000000 0.000000 0.000000 0.000000 0.005528 0.011055 0.008951 0.046398 0.018552 0.000003 0.000000 0.000000 0.000000 0.000000 0.000000 0.000000 0.000000 0.000000 0.000000 0.000000 1.272708 0.848759 0.848607 0.848543 0.565674 0.144768 0.007049 0.003449 0.000000 0.000000 0.000000 0.000000 0.000000 0.000000 0.000000 0.000000 0.000000 0.000000 0.013333 0.000000 0.000000 0.000000 0.000000 0.000000 0.000000 0.000000
 0.000000 0.000000 0.000000 0.000000 0.000000 0.000000 0.000000 0.000000 0.000000 0.005722 0.016168 0.017111 0.006636 0.000031 0.000000 0.000000 0.000000 0.000000 0.000000 0.000000 0.000000 0.000000 0.000000 1.272910 0.424455 0.000152 0.000000 0.000000 0.000000 0.000000 0.000152 0.003485 0.003333 0.000000 0.000000 0.000000 0.000000 0.000000 0.000000 0.000000 0.000000 0.000000 0.013486 0.000122 0.000000 0.000000 0.000000 0.000000 0.000000 0.000000
 0.000000 0.000000 0.000000 0.000000 0.000000 0.000000 0.000000 0.000000 0.000000 0.000122 0.000125 0.001739 0.011272 0.000319 0.000000 0.000000 0.000000 0.000000 0.000000 0.000000 0.000000 0.000000 1.272910 0.424303 0.000000 0.000000 0.000000 0.000000 0.000000 0.000000 0.000000 0.000000 0.003333 0.003333 0.000000 0.000000 0.000000 0.000000 0.000000 0.000000 0.000000 0.000001 0.006728 0.006743 0.000000 0.000000 0.000000 0.000000 0.000000 0.000000
 0.000000 0.000000 0.000000 0.000000 0.000000 0.000000 0.000000 0.000000 0.000000 0.000000 0.000000 0.000201 0.010647 0.002480 0.000005 0.000000 0.000000 0.000000 0.000000 0.000000 0.000000 1.272708 0.424455 0.000000 0.000000 0.000000 0.000000 0.000000 0.000000 0.000000 0.000000 0.000000 0.000000 0.003753 0.003449 0.000000 0.000000 0.000000 0.000000 0.000000 0.000000 0.000008 0.001343 0.012376 0.000448 0.000000 0.000000 0.000000 0.000000 0.000000
 0.000367 0.000122 0.000000 0.000000 0.000000 0.000000 0.000367 0.000122 0.000000 0.000000 0.000000 0.000022 0.005583 0.007717 0.000039 0.000002 0.000000 0.000000 0.000000 0.000000 0.000000 0.848759 0.000152 0.000000 0.000000 0.000000 0.000000 0.000000 0.000000 0.000000 0.000000 0.000000 0.000000 0.000152 0.006782 0.000000 0.000000 0.000000 0.000000 0.000000 0.000000 0.000083 0.008418 0.010213 0.000492 0.000367 0.000122 0.000000 0.000000 0.000000
 0.000367 0.000122 0.000000 0.000000 0.000000 0.000000 0.000122 0.000122 0.000000 0.000001 0.000029 0.001301 0.054217 0.145489 0.055268 0.003853 0.000225 0.000013 0.000001 0.000009 0.000244 0.848524 0.000000 0.000000 0.000000 0.000000 0.000000 0.000000 0.000000 0.000000 0.000000 0.000000 0.000000 0.000000 0.006667 0.000000 0.000000 0.000000 0.000000 0.000000 0.000005 0.000859 0.014629 0.004419 0.000049 0.000123 0.000122 0.000000 0.000000 0.000000
 0.000000 0.000000 0.000000 0.000000 0.000000 0.000000 0.000000 0.000000 0.000003 0.000121 0.005394 0.203067 1.064157 0.821196 0.767692 0.609461 0.235175 0.024621 0.001649 0.010758 0.243107 0.766246 0.000000 0.000000 0.000000 0.000000 0.000000 0.000000 0.000000 0.000000 0.000000 0.000000 0.000000 0.000000 0.006667 0.000000 0.000000 0.000000 0.000000 0.000000 0.000052 0.006351 0.011293 0.000765 0.000005 0.000000 0.000000 0.000000 0.000000 0.000000
 0.000000 0.000000 0.000000 0.000000 0.000000 0.000000 0.000000 0.000011 0.000504 0.022125 0.558432 0.992591 0.417161 0.048156 0.025758 0.235198 0.609482 0.764952 0.562541 1.033301 0.794894 0.343441 0.000000 0.000000 0.000000 0.000000 0.000000 0.000000 0.000000 0.000000 0.000000 0.000000 0.000000 0.000000 0.006652 0.000014 0.000000 0.000000 0.000000 0.000003 0.000544 0.014434 0.005541 0.000078 0.000000 0.000000 0.031537 0.021196 0.021082 0.021082
 0.000001 0.000000 0.000000 0.000000 0.000000 0.000001 0.000047 0.002092 0.087152 0.949702 0.753324 0.254528 0.012180 0.000281 0.000019 0.000225 0.003854 0.059141 0.517500 0.591422 0.039303 0.001421 0.000000 0.000000 0.000000 0.000000 0.000000 0.000000 0.000000 0.000000 0.000000 0.000000 0.000000 0.000000 0.054239 0.038677 0.035938 0.035901 0.035902 0.035904 0.035953 0.019489 0.001160 0.000007 0.000000 0.031623 0.010655 0.000114 0.000000 0.000000
 0.001356 0.000520 0.000078 0.000012 0.000003 0.000195 0.008651 0.297342 1.069232 0.527424 0.103892 0.002991 0.000067 0.000002 0.000000 0.000000 0.000003 0.000906 0.280248 0.563957 0.003698 0.000448 0.000152 0.000000 0.000000 0.000000 0.000000 0.000000 0.000000 0.000000 0.000000 0.000000 0.000000 0.057435 0.025152 0.003572 0.006176 0.005724 0.006710 0.006730 0.006460 0.015447 0.012514 0.000307 0.031603 0.010545 0.000009 0.000009 0.000009 0.000009
 1.075632 0.759379 0.668166 0.633983 0.627619 0.329034 0.705041 0.922094 0.365451 0.030216 0.000722 0.000016 0.000000 0.000000 0.000370 0.000123 0.000001 0.000553 0.200119 0.642226 0.005904 0.000164 0.000152 0.000000 0.000000 0.000000 0.000000 0.000000 0.000000 0.000000 0.000000 0.000000 0.028723 0.034190 0.006665 0.002327 0.014429 0.003412 0.001429 0.000438 0.000186 0.001759 0.013832 0.024794 0.012885 0.003344 0.003325 0.003325 0.003325 0.003325
 0.413861 0.399997 0.558080 0.558096 0.410656 0.777300 0.655171 0.198437 0.007648 0.000178 0.000003 0.000000 0.000000 0.000000 0.000123 0.000123 0.000001 0.000344 0.137189 0.701812 0.009451 0.000020 0.000000 0.000000 0.000000 0.000000 0.000000 0.000000 0.000000 0.000000 0.000000 0.000011 0.045472 0.009574 0.000025 0.013545 0.007677 0.000024 0.000000 0.000000 0.000000 0.000002 0.000073 0.007783 0.002760 0.003306 0.003324 0.003325 0.003325 0.003325
 0.000596 0.001523 0.009965 0.058537 0.213923 0.212860 0.071364 0.011843 0.000031 0.000001 0.000000 0.000000 0.000000 0.000000 0.000000 0.000000 0.000000 0.000214 0.091149 0.742333 0.015088 0.000032 0.000000 0.000000 0.000456 0.000152 0.000000 0.000000 0.000000 0.000000 0.000456 0.053939 0.017947 0.000000 0.000429 0.014600 0.002006 0.000001 0.000000 0.000000 0.000000 0.000000 0.000000 0.006661 0.000011 0.000008 0.000009 0.000009 0.000009 0.000009
 0.000000 0.000001 0.000008 0.000055 0.000360 0.000590 0.020011 0.020000 0.000000 0.000000 0.000000 0.000000 0.000000 0.000000 0.000000 0.000000 0.000000 0.000443 0.059367 0.765432 0.023985 0.000051 0.000000 0.000000 0.000152 0.000152 0.000000 0.000000 0.000000 0.000000 0.000152 0.035992 0.000000 0.000004 0.005431 0.011448 0.000155 0.000000 0.000000 0.000000 0.000000 0.000000 0.000000 0.006311 0.000355 0.000000 0.000000 0.000000 0.000000 0.000000
 0.000000 0.000000 0.000000 0.000000 0.000000 0.000001 0.020000 0.020000 0.000000 0.000000 0.000000 0.000000 0.000000 0.000000 0.000000 0.000000 0.000000 0.000125 0.038064 0.772892 0.037879 0.000083 0.000000 0.000000 0.000000 0.000000 0.000000 0.000000 0.000000 0.000000 0.000001 0.035902 0.000007 0.000096 0.015489 0.005686 0.000009 0.000000 0.000000 0.000000 0.000000 0.000000 0.000000 0.003333 0.003334 0.000001 0.000000 0.000000 0.000000 0.000000
 0.000000 0.000000 0.000000 0.000000 0.000000 0.000000 0.020000 0.020000 0.000000 0.000000 0.000000 0.000000 0.000000 0.000000 0.000000 0.000000 0.000000 0.000001 0.024037 0.765432 0.059214 0.000133 0.000000 0.000000 0.000000 0.000000 0.000000 0.000001 0.000006 0.000024 0.000101 0.035944 0.000498 0.002526 0.013002 0.000957 0.000001 0.000000 0.000000 0.000000 0.000000 0.000000 0.000000 0.000355 0.006314 0.000005 0.000003 0.000001 0.000000 0.000000
 0.000000 0.000000 0.000000 0.000000 0.000000 0.000000 0.020000 0.020000 0.000000 0.000000 0.000000 0.000000 0.000000 0.000000 0.000000 0.000000 0.000000 0.000001 0.015120 0.742333 0.091149 0.000214 0.000000 0.000000 0.000001 0.000006 0.000024 0.000101 0.000416 0.001652 0.005781 0.037622 0.006167 0.006215 0.008881 0.000204 0.000000 0.000000 0.000000 0.000000 0.000000 0.000000 0.000000 0.008657 0.006214 0.000013 0.000003 0.000001 0.000000 0.000000
 0.000000 0.000000 0.000000 0.000000 0.000000 0.000000 0.020000 0.020000 0.000000 0.000000 0.000000 0.000000 0.000000 0.000000 0.000000 0.000000 0.000000 0.000000 0.009471 0.701813 0.137188 0.000344 0.000006 0.000024 0.000101 0.000416 0.001652 0.005781 0.014251 0.020450 0.019692 0.039808 0.002417 0.000786 0.006071 0.000552 0.000001 0.000000 0.000000 0.000000 0.000000 0.000000 0.008660 0.011547 0.007593 0.009420 0.005209 0.000495 0.000000 0.000000
 0.000000 0.000000 0.000000 0.000000 0.000000 0.000000 0.023158 0.025922 0.011790 0.000004 0.000000 0.000000 0.000000 0.000000 0.000000 0.000000 0.000000 0.037409 0.026056 0.358057 0.771151 0.426998 0.000416 0.001652 0.015031 0.016628 0.020984 0.019771 0.014601 0.007715 0.002935 0.020989 0.020416 0.000065 0.004900 0.001707 0.000005 0.000000 0.000000 0.000000 0.000000 0.008660 0.011547 0.002887 0.000000 0.000000 0.004219 0.008933 0.008933 0.004219
 0.000000 0.000000 0.000000 0.000000 0.000000 0.007071 0.007076 0.011790 0.035351 0.047132 0.035351 0.011790 0.000004 0.000000 0.000000 0.000007 0.037414 0.012475 0.000002 0.000000 0.000122 0.426853 0.437595 0.021786 0.018865 0.013197 0.006976 0.002495 0.000687 0.000171 0.000157 0.000126 0.020278 0.020287 0.002971 0.003660 0.000022 0.000000 0.000000 0.000000 0.008660 0.011547 0.002887 0.000000 0.000000 0.000000 0.000000 0.000000 0.000495 0.005209
 0.000000 0.000000 0.000000 0.000000 0.000003 0.011784 0.002357 0.000000 0.000000 0.000005 0.011790 0.035351 0.047132 0.035351 0.019544 0.031177 0.012470 0.000000 0.000000 0.000000 0.000000 0.000000 0.640163 0.220801 0.002495 0.000687 0.000171 0.000042 0.000010 0.000002 0.000001 0.000000 0.000000 0.020280 0.021225 0.005365 0.000091 0.000000 0.000000 0.008660 0.011547 0.002887 0.000000 0.000000 0.000000 0.000000 0.000000 0.000000 0.000000 0.000000
 0.000000 0.000000 0.000000 0.000000 0.014141 0.004713 0.000000 0.000000 0.000000 0.000000 0.000000 0.000000 0.000004 0.011790 0.026613 0.006235 0.000000 0.000000 0.000000 0.000000 0.000000 0.000000 0.426797 0.426830 0.000041 0.000010 0.000002 0.000001 0.000000 0.000000 0.000000 0.000000 0.000000 0.041106 0.031009 0.010213 0.013260 0.013333 0.013333 0.014434 0.002887 0.000000 0.000000 0.000000 0.000000 0.000000 0.000000 0.000000 0.000000 0.012657
 0.000008 0.000005 0.000005 0.014139 0.004717 0.000002 0.000000 0.000000 0.000000 0.000000 0.000000 0.000000 0.000000 0.000008 0.028282 0.000000 0.000000 0.000000 0.000000 0.000000 0.000000 0.000000 0.426797 0.426797 0.000000 0.000000 0.000000 0.000000 0.000000 0.000000 0.000000 0.000000 0.000000 0.047942 0.006846 0.000000 0.000000 0.000000 0.000000 0.005813 0.005734 0.000000 0.000000 0.000000 0.000000 0.000000 0.000000 0.000000 0.001485 0.009428
 0.031646 0.021104 0.025023 0.014721 0.000028 0.000011 0.000001 0.000000 0.000000 0.000000 0.000000 0.000000 0.000000 0.021210 0.021211 0.000000 0.000000 0.000000 0.000000 0.000000 0.000000 0.000000 0.426797 0.426797 0.000000 0.000000 0.000000 0.000000 0.000000 0.000000 0.000000 0.000000 0.000000 0.041096 0.000000 0.000000 0.000000 0.000000 0.000000 0.000039 0.011508 0.000000 0.000000 0.000000 0.000000 0.000000 0.000000 0.000023 0.013639 0.004219
 0.008362 0.005941 0.002914 0.019657 0.006656 0.003338 0.000001 0.000000 0.000000 0.000000 0.000000 0.000000 0.000000 0.035347 0.007074 0.000000 0.000000 0.000000 0.000000 0.000000 0.000000 0.000000 0.426797 0.426797 0.000000 0.000000 0.000000 0.000000 0.000000 0.000000 0.000000 0.000000 0.041096 0.027397 0.000000 0.000000 0.000000 0.000000 0.000000 0.000000 0.005774 0.005773 0.000000 0.000000 0.000000 0.000000 0.000000 0.014112 0.004714 0.000000
 0.000360 0.000120 0.000000 0.016329 0.000006 0.003339 0.006317 0.002983 0.000000 0.000000 0.000001 0.000000 0.000000 0.028287 0.000003 0.000000 0.000000 0.000000 0.000000 0.000000 0.000000 0.000000 0.426797 0.426797 0.000000 0.000000 0.000000 0.000000 0.000000 0.000000 0.000000 0.000000 0.047945 0.006849 0.000000 0.000000 0.000000 0.000000 0.000000 0.000000 0.000001 0.018998 0.003827 0.000103 0.000001 0.000000 0.012657 0.005216 0.000008 0.000000
 0.000000 0.000000 0.000000 0.016329 0.000001 0.000000 0.000350 0.003683 0.003683 0.000350 0.000002 0.000001 0.000008 0.028282 0.000000 0.000000 0.000000 0.000000 0.000000 0.000000 0.000000 0.000000 0.426797 0.426797 0.000001 0.000000 0.000000 0.000000 0.000000 0.000000 0.000000 0.000000 0.041096 0.000000 0.000000 0.000000 0.000000 0.000000 0.000000 0.000000 0.000000 0.024810 0.011080 0.014805 0.014906 0.014907 0.010975 0.000516 0.000015 0.000015
 0.000000 0.000000 0.000000 0.016329 0.000001 0.000000 0.000000 0.000000 0.002983 0.006317 0.003339 0.000007 0.021211 0.021211 0.000000 0.000000 0.000000 0.000000 0.000000 0.000000 0.000000 0.000000 0.426797 0.426797 0.000016 0.000006 0.000000 0.000000 0.000000 0.000001 0.000000 0.041096 0.027397 0.000000 0.000000 0.000000 0.000000 0.000000 0.000000 0.000000 0.000003 0.021081 0.000000 0.000000 0.000000 0.000000 0.005822 0.012678 0.009398 0.009398
 0.000000 0.000000 0.000000 0.016329 0.000001 0.000000 0.000000 0.000000 0.000000 0.000000 0.003337 0.006994 0.038462 0.007074 0.000000 0.000000 0.000000 0.000000 0.000000 0.000000 0.000000 0.000000 0.426797 0.429899 0.003245 0.000150 0.000001 0.000000 0.000000 0.000025 0.000009 0.047945 0.006849 0.000000 0.000000 0.000000 0.000000 0.000000 0.000000 0.000000 0.010540 0.017567 0.000000 0.000000 0.000000 0.000000 0.000046 0.006628 0.000015 0.000015
 0.000000 0.000000 0.000000 0.016329 0.000001 0.000000 0.000000 0.000000 0.000000 0.000000 0.000024 0.001562 0.033715 0.000757 0.000000 0.000000 0.000000 0.000000 0.000000 0.000000 0.000000 0.000000 0.213402 0.640397 0.004421 0.001995 0.000015 0.000000 0.000010 0.000659 0.000233 0.041096 0.000000 0.000000 0.000000 0.000000 0.000000 0.000000 0.000000 0.000000 0.028097 0.007031 0.000000 0.000000 0.000000 0.000000 0.000001 0.006665 0.000001 0.000000
