0.053 0.419 0.789 0.437 0.166 0.509 0.079 0.647 0.715 0.578 0.026 0.595 0.658 0.280 0.126 0.188 0.341 0.536 0.066 0.934 0.433 0.435 0.276 0.332 0.658 0.532 0.597 0.081 0.081 0.655 
0.686 0.399 0.321 0.992 0.360 0.922 0.369 0.731 0.668 0.924 0.965 0.257 0.266 0.906 0.534 0.517 0.350 0.776 0.124 0.035 0.746 0.255 0.015 0.684 0.304 0.956 0.106 0.300 0.460 0.912 
0.546 0.849 0.662 0.551 0.603 0.559 0.900 0.051 0.647 0.897 0.543 0.497 0.977 0.951 0.647 0.331 0.472 0.523 0.204 0.513 0.070 0.222 0.755 0.826 0.834 0.626 0.169 0.653 0.892 0.510 
0.834 0.411 0.171 0.557 0.542 0.912 0.200 0.742 0.730 0.173 0.747 0.952 0.210 0.091 0.188 0.542 0.816 0.128 0.687 0.487 0.860 0.630 0.610 0.043 0.907 0.858 0.767 0.329 0.599 0.360 
0.551 0.177 0.669 0.872 0.367 0.411 0.240 0.531 0.870 0.535 0.891 0.187 0.530 0.331 0.936 0.501 0.293 0.489 0.508 0.285 0.150 0.494 0.541 0.136 0.246 0.381 0.363 0.721 0.890 0.845 
0.522 0.795 0.580 0.229 0.936 0.420 0.976 0.773 0.545 0.765 0.585 0.135 0.245 0.846 0.588 0.252 0.501 0.637 0.317 0.445 0.251 0.820 0.939 0.534 0.307 0.480 0.576 0.266 0.292 0.445 
0.412 0.568 0.423 0.069 0.665 0.602 0.643 0.110 0.915 0.702 0.604 0.203 0.490 0.882 0.060 0.571 0.699 0.250 0.947 0.396 0.192 0.104 0.299 0.348 0.027 0.098 0.287 0.515 0.325 0.223 
0.133 0.675 0.344 0.662 0.956 0.272 0.716 0.872 0.687 0.584 0.251 0.274 0.767 0.578 0.827 0.693 0.926 0.916 0.169 0.079 0.387 0.953 0.480 0.054 0.788 0.973 0.094 0.448 0.508 0.964 
0.499 0.252 0.369 0.596 0.591 0.075 0.856 0.279 0.283 0.531 0.328 0.927 0.277 0.308 0.510 0.135 0.891 0.950 0.706 0.532 0.693 0.303 0.740 0.623 0.271 0.429 0.987 0.075 0.697 0.531 
0.117 0.427 0.786 0.630 0.147 0.341 0.418 0.798 0.996 0.043 0.075 0.841 0.694 0.715 0.281 0.349 0.144 0.298 0.658 0.157 0.674 0.935 0.126 0.323 0.991 0.882 0.683 0.599 0.252 0.676 
0.710 0.670 0.464 0.346 0.399 0.626 0.443 0.394 0.538 0.254 0.553 0.996 0.995 0.876 0.591 0.545 0.932 0.707 0.917 0.270 0.915 0.303 0.615 0.628 0.410 0.717 0.452 0.609 0.305 0.039 
0.392 0.518 0.648 0.340 0.852 0.906 0.510 0.966 0.224 0.193 0.797 0.477 0.648 0.149 0.354 0.640 0.686 0.754 0.474 0.164 0.812 0.728 0.998 0.900 0.753 0.030 0.001 0.498 0.062 0.179 
0.747 0.391 0.148 0.966 0.777 0.853 0.505 0.090 0.963 0.656 0.194 0.528 0.237 0.639 0.833 0.960 0.991 0.339 0.010 0.700 0.050 0.638 0.671 0.873 0.603 0.886 0.820 0.752 0.238 0.470 
0.442 0.370 0.439 0.358 0.450 0.443 0.285 0.215 0.258 0.863 0.841 0.254 0.298 0.080 0.360 0.574 0.851 0.665 0.623 0.342 0.654 0.760 0.751 0.740 0.409 0.152 0.815 0.956 0.121 0.859 
0.309 0.969 0.474 0.986 0.860 0.538 1.000 0.743 0.118 0.467 0.763 0.962 0.146 0.683 0.554 0.604 0.351 0.248 0.384 0.361 0.124 0.590 0.941 0.486 0.386 0.111 0.594 0.026 0.592 0.600 
0.936 0.170 0.365 0.985 0.383 0.667 0.808 0.676 0.778 0.117 0.961 0.827 0.399 1.000 0.463 0.920 0.002 0.271 0.883 0.568 0.689 0.080 0.307 0.588 0.055 0.367 0.917 0.437 0.334 0.921 
0.055 0.899 0.880 0.798 0.558 0.731 0.885 0.509 0.891 0.683 0.923 0.105 0.839 0.591 0.889 0.997 0.711 0.843 0.397 0.567 0.736 0.142 0.182 0.208 0.501 0.517 0.080 0.182 0.914 0.642 
0.892 0.007 0.854 0.692 0.440 0.112 0.044 0.689 0.616 0.304 0.634 0.929 0.534 0.164 0.299 0.233 1.000 0.091 0.958 0.933 0.480 0.792 0.056 0.570 0.882 0.141 0.911 0.296 0.711 0.189 
0.218 0.987 0.743 0.529 0.189 0.339 0.451 0.024 0.950 1.000 0.361 0.500 0.013 0.583 0.227 0.712 0.978 0.806 0.900 0.987 0.453 0.156 0.122 0.912 0.858 0.090 0.222 0.874 0.712 0.523 
0.448 0.147 0.592 0.274 0.643 0.694 0.763 0.136 0.757 0.323 0.816 0.702 0.718 0.179 0.048 0.602 0.022 0.903 0.906 0.428 0.077 0.957 0.141 0.280 0.977 0.548 0.291 0.868 0.442 0.863 
0.993 0.966 0.701 0.396 0.053 0.244 0.197 0.122 0.349 0.779 0.879 0.520 0.074 0.354 0.854 0.238 0.892 0.712 0.486 0.876 0.567 0.198 0.080 0.472 0.746 0.058 0.031 0.526 0.192 0.609 
0.196 0.174 0.047 0.031 0.425 0.085 0.615 0.522 0.877 0.637 0.538 0.935 0.613 0.082 0.881 0.365 0.025 0.452 0.438 0.435 0.419 0.231 0.101 0.968 0.509 0.175 0.208 0.358 0.406 0.837 
0.662 0.210 0.526 0.673 0.299 0.858 0.829 0.494 0.618 0.707 0.361 0.415 0.470 0.753 0.361 0.243 0.444 0.505 0.682 0.542 0.882 0.423 0.760 0.176 0.209 0.200 0.162 0.514 0.783 0.732 
0.769 0.799 0.424 0.252 0.692 0.186 0.516 0.618 0.187 0.912 0.781 0.690 0.420 0.642 0.372 0.348 0.524 0.180 0.868 0.510 0.373 0.954 0.773 0.277 0.710 0.823 0.877 0.621 0.095 0.508 
0.984 0.117 0.824 0.595 0.193 0.607 0.061 0.886 0.431 0.176 0.615 0.868 0.729 0.840 0.138 0.938 0.317 0.078 0.635 0.090 0.183 0.773 0.703 0.422 0.759 0.152 0.767 0.936 0.058 0.945 
0.638 0.360 0.567 0.804 0.132 0.710 0.554 0.773 0.590 0.111 0.327 0.065 0.529 0.240 0.803 0.958 0.151 0.047 0.920 0.252 0.799 0.090 0.936 0.258 0.452 0.924 0.677 0.017 0.405 0.597 
0.381 0.671 0.234 0.536 0.484 0.376 0.823 0.378 0.020 0.856 0.504 0.301 0.942 0.323 0.012 0.980 0.763 0.395 0.838 0.332 0.257 0.701 0.038 0.055 0.636 0.065 0.315 0.497 0.765 0.851 
0.892 0.324 0.290 0.349 0.940 0.489 0.477 0.573 0.180 0.380 0.664 0.304 0.568 0.429 0.510 0.570 0.151 0.200 0.492 0.223 0.713 0.030 0.734 0.598 0.306 0.761 0.639 0.584 0.651 0.167 
0.964 0.674 0.061 0.581 0.971 0.488 0.815 0.152 0.731 0.592 0.868 0.528 0.887 0.116 0.919 0.302 0.151 0.897 0.421 0.040 0.634 0.449 0.457 0.299 0.267 0.742 0.854 0.573 0.266 0.169 
0.277 0.619 0.889 0.962 0.036 0.646 0.509 0.438 0.389 0.356 0.926 0.869 0.685 0.708 0.549 0.383 0.438 0.303 0.900 0.031 0.709 0.530 0.269 0.059 0.250 0.962 0.889 0.541 0.745 0.028 
0.742 0.768 0.588 0.483 0.984 0.846 0.082 0.187 0.822 0.060 0.115 0.868 0.548 0.298 0.764 0.278 0.711 0.224 0.133 0.433 0.716 0.080 0.863 0.770 0.664 0.705 0.386 0.250 0.449 0.516 
0.820 0.021 0.932 0.403 0.807 0.745 0.857 0.182 0.151 0.172 0.940 0.335 0.880 0.877 0.405 0.664 0.379 0.799 0.227 0.996 0.408 0.193 0.742 0.246 0.097 0.475 0.032 0.057 0.378 0.177 
0.642 0.062 0.897 0.735 0.605 0.228 0.555 0.875 0.267 0.431 0.708 0.094 0.391 0.044 0.068 0.205 0.553 0.627 0.096 0.631 0.816 0.500 0.467 0.568 0.791 0.229 0.598 0.511 0.996 0.774 
0.496 0.735 0.846 0.671 0.430 0.098 0.010 0.086 0.487 0.609 0.550 0.288 0.752 0.338 0.377 0.748 0.413 0.270 0.578 0.274 0.496 0.700 0.627 0.411 0.991 0.233 0.056 0.183 0.424 0.520 
0.613 0.379 0.971 0.480 0.667 0.818 0.505 0.852 0.462 0.485 0.457 0.800 0.374 0.571 0.938 0.917 0.785 0.602 0.688 0.639 0.300 0.919 0.672 0.461 0.040 0.056 0.964 0.065 0.981 0.103 
0.062 0.798 0.358 0.530 0.392 0.684 0.438 0.790 0.213 0.993 0.414 0.635 0.926 0.635 0.881 0.072 0.458 0.370 0.738 0.411 0.244 0.392 0.322 0.126 0.869 0.987 0.698 0.007 0.168 0.096 
0.659 0.198 0.570 0.706 0.676 0.473 0.388 0.685 0.463 0.482 0.834 0.239 0.896 0.892 0.594 0.754 0.170 0.602 0.884 0.614 0.267 0.567 0.109 0.581 0.868 0.423 0.074 0.676 0.990 0.886 
0.482 0.360 0.638 0.496 0.333 0.478 0.638 0.167 0.744 0.189 0.957 0.274 0.873 0.141 0.450 0.001 0.512 0.290 0.571 0.074 0.184 0.506 0.298 0.558 0.126 0.185 0.764 0.628 0.712 0.998 
0.727 0.595 0.750 0.013 0.387 0.262 0.579 0.369 0.583 0.423 0.966 0.961 0.802 0.119 0.897 0.802 0.222 0.110 0.111 0.848 0.405 0.356 0.153 0.230 0.091 0.828 0.028 0.590 0.395 0.266 
0.125 0.223 0.921 0.400 0.920 0.136 0.885 0.884 0.057 0.407 0.847 0.765 0.947 0.460 0.647 0.853 0.169 0.211 0.540 0.476 0.358 0.439 0.418 0.757 0.087 0.919 0.427 0.209 0.249 0.728 
0.611 0.992 0.332 0.256 0.234 0.529 0.073 0.931 0.429 0.752 0.867 0.520 0.890 0.154 0.394 0.597 0.373 0.549 0.463 0.560 0.585 0.301 0.653 0.170 0.126 0.079 0.300 0.887 0.298 0.970 
0.747 0.114 0.090 0.653 0.280 0.305 0.354 0.519 0.848 0.028 0.314 0.548 0.081 0.926 0.884 0.616 0.927 0.873 0.741 0.924 0.223 0.874 0.354 0.109 0.887 0.532 0.305 0.601 0.450 0.952 
0.161 0.698 0.512 0.054 0.401 0.899 0.123 0.732 0.044 0.200 0.036 0.159 0.111 0.466 0.074 0.233 0.813 0.568 0.259 0.430 0.379 0.358 0.462 0.477 0.918 0.624 0.636 0.186 0.356 0.749 
0.262 0.867 0.649 0.406 0.014 0.354 0.843 0.466 0.524 0.848 0.647 0.803 0.248 0.529 0.157 0.752 0.816 0.450 0.947 0.553 0.872 0.766 0.560 0.680 0.661 0.919 0.311 0.296 0.208 0.014 
0.195 0.031 0.743 0.900 0.931 0.801 0.751 0.683 0.990 0.780 0.158 0.171 0.139 0.795 0.240 0.290 0.248 0.946 0.267 0.512 0.018 0.187 0.403 0.397 0.088 0.617 0.264 0.201 0.539 0.525 
0.732 0.668 0.711 0.667 0.257 0.354 0.844 0.915 0.613 0.717 0.057 0.254 0.758 0.857 0.278 0.180 0.748 0.837 0.742 0.409 0.021 0.442 0.125 0.593 0.601 0.133 0.027 0.926 0.453 0.523 
0.548 0.282 0.799 0.969 0.488 0.177 0.555 0.011 0.489 0.297 0.623 0.807 0.451 0.554 0.665 0.109 0.733 0.969 0.574 0.365 0.029 0.090 0.511 0.480 0.942 0.781 0.694 0.112 0.360 0.385 
0.461 0.409 0.871 0.952 0.747 0.367 0.191 0.680 0.354 0.660 0.424 0.748 0.432 0.692 0.306 0.729 0.151 0.448 0.588 0.997 0.473 0.394 0.135 0.152 0.556 0.523 0.910 0.368 0.589 0.428 
0.387 0.583 0.561 0.774 0.783 0.194 0.421 0.781 0.826 0.058 0.544 0.516 0.427 0.923 0.863 0.424 0.344 0.920 0.278 0.263 0.329 0.853 0.859 0.144 0.984 0.561 0.741 0.960 0.602 0.523 
0.219 0.635 0.350 0.229 0.938 0.435 0.320 0.226 0.048 0.165 0.574 0.246 0.088 0.982 0.969 0.713 0.437 0.561 0.804 0.547 0.057 0.068 0.674 0.430 0.226 0.280 0.490 0.454 0.321 0.332 
0.836 0.488 0.066 0.992 0.627 0.353 0.309 0.470 0.417 0.599 0.397 0.099 0.728 0.514 0.817 0.591 0.307 0.249 0.501 0.706 0.616 0.035 0.756 0.013 0.319 0.094 0.236 0.495 0.784 0.931 
0.312 0.273 0.202 0.292 0.897 0.514 0.432 0.970 0.757 0.951 0.481 0.895 0.664 0.114 0.038 0.992 0.738 0.163 0.579 0.165 0.456 0.474 0.426 0.699 0.798 0.994 0.032 0.842 0.194 0.467 
0.731 0.391 0.135 0.707 0.625 0.176 0.586 0.248 0.757 0.314 0.837 0.006 0.343 0.366 0.022 0.115 0.048 0.537 0.523 0.202 0.351 0.580 0.789 0.183 0.068 0.292 0.719 0.214 0.347 0.349 
0.385 0.161 0.954 0.986 0.684 0.460 0.131 0.594 0.530 0.872 0.217 0.078 0.037 0.958 0.118 0.315 0.055 0.315 0.410 0.597 0.804 0.260 0.581 0.841 0.550 0.291 0.981 0.918 0.306 0.159 
0.149 0.319 0.148 0.872 0.668 0.307 0.146 0.659 0.349 0.349 0.425 0.647 0.292 0.632 0.263 0.086 0.891 0.658 0.788 0.654 0.973 0.701 0.309 0.498 0.513 0.415 0.986 0.812 0.814 0.832 
0.222 0.260 0.175 0.888 0.639 0.523 0.595 0.197 0.764 0.662 0.234 0.465 0.122 0.128 0.927 0.514 0.962 0.936 0.683 0.456 0.303 0.015 0.623 0.319 0.905 0.807 0.755 0.242 0.290 0.751 
0.955 0.899 0.352 0.286 0.057 0.137 0.197 0.636 0.676 0.022 0.106 0.928 0.310 0.484 0.141 0.120 0.233 0.437 0.874 0.360 0.255 0.660 0.778 0.710 0.375 0.140 0.630 0.735 0.388 0.673 
0.604 0.601 0.639 0.544 0.217 0.660 0.546 0.961 0.025 0.569 0.519 0.385 0.836 0.924 0.622 0.018 0.237 0.761 0.953 0.706 0.438 0.901 0.663 0.279 0.433 0.840 0.659 0.923 0.171 0.697 
0.056 0.887 0.535 0.122 0.238 0.879 0.027 0.279 0.046 0.280 0.855 0.303 0.215 0.093 0.138 0.404 0.605 0.825 0.668 0.553 0.816 0.820 0.810 0.898 0.824 0.645 0.876 0.189 0.167 0.677 
0.838 0.876 0.955 0.295 0.867 0.075 0.167 0.536 0.088 0.132 0.626 0.882 0.194 0.195 0.918 0.325 0.091 0.002 0.809 0.438 0.908 0.738 0.477 0.495 0.298 0.706 0.659 0.606 0.845 0.551 
0.977 0.915 0.918 0.992 0.038 0.272 0.836 0.017 0.660 0.575 0.193 0.306 0.281 0.828 0.596 0.954 0.164 0.611 0.486 0.045 0.279 0.101 0.658 0.658 0.797 0.889 0.895 0.869 0.992 0.269 
0.283 0.096 0.244 0.311 0.854 0.052 0.573 0.583 0.625 0.586 0.490 0.782 0.062 0.194 0.939 0.052 0.821 0.708 0.431 0.269 0.645 0.539 0.641 0.354 0.875 0.974 0.757 0.037 0.482 0.578 
0.372 0.193 0.145 0.129 0.238 0.346 0.602 0.050 0.433 0.487 0.932 0.147 0.154 0.757 0.069 0.866 0.201 0.360 0.580 0.106 0.743 0.041 0.015 0.885 0.807 0.504 0.085 0.353 0.728 0.174 
0.466 0.691 0.771 0.732 0.597 0.582 0.069 0.808 0.828 0.412 0.717 0.560 0.721 0.416 0.867 0.586 0.760 0.397 0.317 0.258 0.628 0.184 0.293 0.550 0.960 0.712 0.017 0.031 0.722 0.042 
0.214 0.844 0.518 0.046 0.714 0.326 0.262 0.893 0.129 0.247 0.677 0.557 0.014 0.562 0.059 0.493 0.037 0.805 0.524 0.204 0.333 0.432 0.450 0.195 0.547 0.377 0.865 0.239 0.238 0.058 
0.374 0.464 0.014 0.973 0.976 0.702 0.229 0.721 0.576 0.331 0.789 0.947 0.030 0.926 0.633 0.707 0.527 0.381 0.722 0.772 0.861 0.457 0.046 0.533 0.558 0.186 0.383 0.289 0.106 0.766 
0.680 0.705 0.098 0.505 0.572 0.935 0.921 0.547 0.317 0.726 0.346 0.833 0.686 0.652 0.621 0.398 0.937 0.487 0.340 0.086 0.030 0.673 0.457 0.578 0.483 0.993 0.260 0.533 0.787 0.602 
0.519 0.987 0.573 0.728 0.619 0.807 0.886 0.772 0.227 0.121 0.380 0.573 0.417 0.980 0.844 0.746 0.078 0.760 0.219 0.607 0.053 0.989 0.224 0.280 0.895 0.194 0.051 0.933 0.961 0.145 
0.316 0.562 0.329 0.471 0.126 0.907 0.520 0.570 0.978 0.865 0.461 0.070 0.830 0.748 0.535 0.257 0.460 0.727 0.384 0.741 0.094 0.486 0.594 0.470 0.069 0.016 0.617 0.148 0.768 0.491 
0.463 0.781 0.304 0.237 0.409 0.310 0.338 0.035 0.016 0.194 0.932 0.933 0.192 0.525 0.722 0.997 0.007 0.166 0.580 0.577 0.558 0.004 0.053 0.164 0.031 0.631 0.239 0.627 0.446 0.981 
0.032 0.727 0.866 0.393 0.329 0.501 0.752 0.193 0.663 0.369 0.966 0.315 0.524 0.086 0.099 0.336 0.699 0.476 0.665 0.317 0.116 0.022 0.406 0.770 0.693 0.090 0.168 0.487 0.165 0.640 
0.519 0.028 0.179 0.347 0.980 0.219 0.935 0.532 0.538 0.792 0.166 0.224 0.827 0.545 0.335 0.156 0.897 0.004 0.335 0.992 0.653 0.004 0.843 0.879 0.938 0.399 0.035 0.075 0.690 0.135 
0.984 0.995 0.048 0.928 0.477 0.583 0.170 0.007 0.092 0.944 0.710 0.982 0.779 0.019 0.347 0.061 0.149 0.444 0.011 0.665 0.803 0.354 0.281 0.158 0.264 0.011 0.202 0.974 0.243 0.476 
0.790 0.789 0.068 0.328 0.919 0.613 0.140 0.673 0.688 0.350 0.511 0.049 0.517 0.294 0.213 0.458 0.518 0.185 0.534 0.586 0.729 0.715 0.771 0.436 0.292 0.526 0.902 0.385 0.547 0.647 
0.933 0.154 0.915 0.823 0.368 0.665 0.674 0.250 0.126 0.899 0.241 0.702 0.737 0.765 0.138 0.178 0.561 0.791 0.329 0.529 0.089 0.079 0.178 0.581 0.084 0.776 0.496 0.621 0.292 0.632 
0.702 0.629 0.058 0.974 0.215 0.828 0.838 0.044 0.004 0.024 0.251 0.203 0.135 0.375 0.484 0.070 0.534 0.919 0.479 0.098 0.548 0.328 0.194 0.207 0.450 0.954 0.067 0.846 0.616 0.664 
0.975 0.702 0.863 0.395 0.276 0.865 0.663 0.348 0.098 0.540 0.400 0.894 0.453 0.633 0.946 0.881 0.448 0.678 0.025 0.898 0.828 0.709 0.852 0.822 0.049 0.447 0.883 0.082 0.603 0.783 
0.360 0.768 0.108 0.484 0.318 0.932 0.954 0.498 0.497 0.915 0.946 0.488 0.023 0.357 0.932 0.910 0.359 0.246 0.072 0.075 0.066 0.981 0.217 0.066 0.982 0.364 0.410 0.465 0.417 0.605 
0.650 0.028 0.580 0.957 0.550 0.077 0.920 0.129 0.143 0.142 0.858 0.350 0.968 0.249 0.612 0.039 0.359 0.088 0.021 0.565 0.606 0.975 0.372 0.113 0.036 0.873 0.125 0.382 0.244 0.307 
0.926 0.915 0.802 0.984 0.404 0.268 0.829 0.442 0.091 0.143 0.956 0.581 0.308 0.698 0.151 0.414 0.727 0.997 0.887 0.951 0.411 0.959 0.094 0.720 0.839 0.679 0.959 0.075 0.245 0.633 
0.498 0.629 0.972 0.759 0.648 0.653 0.789 0.845 0.331 0.375 0.992 0.819 0.418 0.477 0.122 0.045 0.119 0.922 0.023 0.518 0.090 0.212 0.887 0.994 0.124 0.474 0.521 0.693 0.560 0.453 
0.837 0.904 0.107 0.855 0.450 0.169 0.434 0.599 0.363 0.231 0.336 0.161 0.118 0.012 0.361 0.779 0.707 0.569 0.929 0.282 0.289 0.079 0.694 0.201 0.544 0.031 0.366 0.281 0.253 0.404 
0.292 0.876 0.994 0.371 0.148 0.440 0.279 0.455 0.584 0.909 0.592 0.182 0.566 0.456 0.842 0.320 0.889 0.287 0.146 0.229 0.265 0.645 0.234 0.089 0.631 0.745 0.174 0.491 0.928 0.374 
0.587 0.098 0.080 0.811 0.119 0.129 0.992 0.918 0.473 0.202 0.400 0.611 0.387 0.031 0.536 0.654 0.840 0.874 0.253 0.701 0.376 0.774 0.971 0.863 0.607 0.811 0.097 0.833 0.407 0.895 
0.209 0.787 0.792 0.428 0.461 0.666 0.336 0.826 0.704 0.249 0.576 0.747 0.373 0.708 0.293 0.406 0.386 0.106 0.437 0.305 0.473 0.005 0.440 0.976 0.274 0.156 0.067 0.430 0.597 0.214 
0.927 0.281 0.160 0.363 0.556 0.507 0.152 0.204 0.332 0.136 0.909 0.747 0.545 0.590 0.814 0.063 0.946 0.898 0.278 0.456 0.435 0.786 0.257 0.185 0.473 0.929 0.641 0.694 0.024 0.975 
0.872 0.081 0.677 0.521 0.501 0.080 0.143 0.277 0.950 0.419 0.667 0.593 0.144 0.336 0.764 0.605 0.122 0.430 0.699 0.974 0.117 0.190 0.502 0.848 0.166 0.603 0.816 0.355 0.080 0.931 
0.195 0.244 0.134 0.280 0.067 0.091 0.393 0.423 0.244 0.344 0.108 0.753 0.479 0.311 0.271 0.335 0.691 0.025 0.869 0.187 0.598 0.915 0.289 0.799 0.680 0.022 0.075 0.619 0.845 0.204 
0.541 0.446 0.405 0.317 0.624 0.717 0.582 0.528 0.645 0.075 0.592 0.771 0.001 0.182 0.337 0.676 0.542 0.803 0.036 0.619 0.299 0.328 0.031 0.494 0.948 0.647 0.411 0.615 0.774 0.391 
0.312 0.069 0.974 0.162 0.484 0.266 0.270 0.609 0.442 0.766 0.536 0.965 0.622 0.861 0.876 0.031 0.352 0.089 0.456 0.679 0.577 0.695 0.378 0.479 0.340 0.511 0.885 0.011 0.870 0.341 
0.116 0.715 0.381 0.060 0.547 0.124 0.658 0.942 0.221 0.422 0.947 0.452 0.598 0.910 0.538 0.134 0.060 0.894 0.572 0.335 0.220 0.043 0.369 0.630 0.264 0.544 0.199 0.270 0.782 0.521 
0.331 0.517 0.914 0.041 0.174 0.139 0.707 0.010 0.076 0.281 0.664 0.156 0.005 0.819 0.911 0.440 0.005 0.725 0.096 0.248 0.503 0.540 0.243 0.143 0.855 0.257 0.270 0.185 0.219 0.386 
0.397 0.667 0.513 0.422 0.754 0.943 0.064 0.389 0.127 0.452 0.197 0.844 0.660 0.183 0.856 0.175 0.869 0.625 0.936 0.106 0.862 0.795 0.687 0.269 0.633 0.716 0.322 0.498 0.939 0.200 
0.547 0.528 0.729 0.135 0.055 0.571 0.582 0.374 0.099 0.401 0.255 0.612 0.770 0.353 0.395 0.669 0.089 0.256 0.214 0.150 0.764 0.734 0.860 0.177 0.057 0.619 0.232 0.042 0.567 0.838 
0.803 0.107 0.779 0.595 1.000 0.921 0.641 0.689 0.870 0.332 0.641 0.134 0.478 0.873 0.251 0.066 0.791 0.055 0.415 0.815 0.267 0.450 0.352 0.112 0.858 0.726 0.889 0.980 0.042 0.899 
0.327 0.711 0.143 0.146 0.729 0.578 0.649 0.438 0.693 0.103 0.653 0.824 0.010 0.716 0.553 0.696 0.705 0.577 0.186 0.815 0.645 0.803 0.471 0.795 0.726 0.751 0.699 0.079 0.587 0.575 
0.309 0.229 0.856 0.989 0.602 0.503 0.492 0.476 0.677 0.591 0.630 0.167 0.876 0.261 0.184 0.675 0.968 0.805 0.551 0.268 0.572 0.976 0.438 0.322 0.952 0.382 0.229 0.818 0.934 0.604 
0.683 0.721 0.326 0.252 0.431 0.427 0.391 0.112 0.948 0.618 0.315 0.678 0.842 0.055 0.312 0.523 0.131 0.392 0.459 0.589 0.578 0.844 0.954 0.685 0.752 0.101 0.072 0.627 0.960 0.704 
0.296 0.105 0.068 0.759 0.289 0.790 0.466 0.881 0.963 0.151 0.648 0.507 0.616 0.410 0.986 0.171 0.242 0.739 0.430 0.020 0.817 0.713 0.468 0.750 0.507 0.724 0.313 0.010 0.630 0.282 
0.153 0.141 0.328 0.071 0.922 0.099 0.279 0.558 0.577 0.455 0.032 0.076 0.211 0.094 0.697 0.935 0.878 0.253 0.830 0.461 0.004 0.718 0.683 0.570 0.157 0.300 0.312 0.723 0.341 0.587 
0.637 0.832 0.373 0.978 0.521 0.723 0.874 0.656 0.411 0.948 0.687 0.125 0.556 0.485 0.716 0.823 0.305 0.295 0.251 0.800 0.288 0.032 0.660 0.724 0.763 0.891 0.574 0.062 0.534 0.172 
0.250 0.403 0.294 0.992 0.537 0.962 0.562 0.951 0.576 0.318 0.853 0.243 0.510 0.488 0.379 0.715 0.645 0.480 0.743 0.613 0.523 0.335 0.368 0.338 0.325 0.383 0.565 0.076 0.984 0.084 
0.465 0.168 0.347 0.783 0.872 0.621 0.122 0.019 0.381 0.712 0.153 0.819 0.974 0.079 0.759 0.273 0.287 0.102 0.784 0.432 0.598 0.900 0.780 0.375 0.171 0.842 0.213 0.570 0.432 0.632 
0.104 0.653 0.174 0.737 0.731 0.977 0.178 0.995 0.925 0.487 0.071 0.088 0.191 0.671 0.057 0.597 0.882 0.678 0.409 0.681 0.359 0.112 0.942 0.663 0.604 0.962 0.332 0.067 0.159 0.426 
0.761 0.209 0.943 0.610 0.976 0.994 0.300 0.176 0.206 0.200 0.224 0.006 0.088 0.009 0.344 0.378 0.299 0.367 0.159 0.551 0.639 0.991 0.919 0.254 0.497 0.162 0.950 0.352 0.894 0.844 
0.500 0.988 0.132 0.688 0.726 0.220 0.440 0.135 0.089 0.318 0.137 0.783 0.965 0.173 0.600 0.999 0.978 0.717 0.634 0.301 0.887 0.004 0.690 0.450 0.383 0.606 0.437 0.588 0.994 0.475 
0.561 0.676 0.769 0.470 0.371 0.360 0.041 0.360 0.360 0.829 0.942 0.440 0.143 0.378 0.392 0.697 0.451 0.808 0.004 0.715 0.011 0.223 0.081 0.824 0.668 0.554 0.093 0.316 0.404 0.246 
0.616 0.740 0.770 0.057 0.604 0.264 0.085 0.829 0.582 0.100 0.932 0.111 0.318 0.671 0.453 0.059 0.845 0.060 0.210 0.618 0.434 0.962 0.059 0.622 0.602 0.970 0.228 0.795 0.098 0.447 
0.818 0.684 0.389 0.488 0.411 0.499 0.783 0.865 0.438 0.730 0.009 0.369 0.591 0.947 0.233 0.610 0.236 0.170 0.464 0.234 0.918 0.629 0.210 0.209 0.764 0.263 0.547 0.688 0.410 0.159 
0.101 0.061 0.352 0.042 0.007 0.249 0.356 0.674 0.251 0.968 0.673 0.833 0.736 0.073 0.237 0.740 0.661 0.783 0.756 0.695 0.813 0.634 0.219 0.273 0.465 0.280 0.031 0.440 0.504 0.434 
0.705 0.059 0.320 0.138 0.710 0.890 0.737 0.250 0.226 0.738 0.847 0.043 0.783 0.411 0.819 0.122 0.185 0.920 0.682 0.351 0.490 0.655 0.880 0.827 0.421 0.038 0.140 0.153 0.769 0.844 
0.541 0.728 0.883 0.809 0.093 0.374 0.668 0.226 0.734 0.933 0.316 0.261 0.904 0.228 0.520 0.537 0.300 0.149 0.508 0.110 0.094 0.538 0.891 0.701 0.922 0.554 0.855 0.144 0.766 0.686 
0.077 0.006 0.383 0.503 0.007 0.198 0.302 0.848 0.955 0.757 0.375 0.163 0.596 0.445 0.556 0.361 0.935 0.913 0.698 0.753 0.544 0.089 0.308 0.877 0.478 0.142 0.441 0.447 0.610 0.405 
0.491 0.837 0.631 0.017 0.901 0.181 0.566 0.560 0.016 0.086 0.100 0.508 0.510 0.003 0.086 0.456 0.184 0.004 0.982 0.427 0.277 0.288 0.031 0.479 0.226 0.894 0.027 0.600 0.249 0.933 
0.805 0.541 0.337 0.599 0.158 0.770 0.384 0.789 0.139 0.048 0.514 0.694 0.695 0.788 0.434 0.129 0.323 0.383 0.505 0.247 0.860 0.810 0.921 0.868 0.137 0.097 0.075 0.112 0.190 0.356 
0.309 0.899 0.310 0.363 0.908 0.512 0.641 0.932 0.280 0.589 0.448 0.189 0.861 0.533 0.047 0.534 0.230 0.205 0.327 0.623 0.876 0.899 0.197 0.434 0.899 0.424 0.410 0.752 0.220 0.889 
0.453 0.727 0.471 0.470 0.702 0.936 0.111 0.410 0.809 0.768 0.127 0.591 0.591 0.390 0.829 0.274 0.723 0.622 0.198 0.120 0.464 0.032 0.731 0.917 0.698 0.539 0.404 0.639 0.638 0.480 
0.837 0.243 0.793 0.223 0.688 0.851 0.990 0.284 0.855 0.858 0.022 0.733 0.494 0.199 0.423 0.358 0.023 0.267 0.263 0.178 0.562 0.365 0.386 0.687 0.805 0.133 0.923 0.992 0.578 0.122 
0.102 0.453 0.306 0.904 0.210 0.891 0.951 0.609 0.759 0.642 0.653 0.356 0.527 0.897 0.867 0.387 0.530 0.906 0.056 0.256 0.568 0.482 0.252 0.022 0.983 0.516 0.626 0.833 0.990 0.149 
0.242 0.561 0.020 0.552 0.158 0.321 0.243 0.714 0.766 0.984 0.987 0.803 0.649 0.640 0.083 0.899 0.114 0.286 0.135 0.216 0.011 0.964 0.738 0.666 0.714 0.536 0.162 0.650 0.653 0.934 
0.652 0.916 0.362 0.980 0.012 0.503 0.737 0.334 0.046 0.265 0.072 0.050 0.053 0.695 0.592 0.664 0.903 0.902 0.064 0.185 0.097 0.620 0.917 0.446 0.664 0.733 0.334 0.133 0.555 0.335 
0.431 0.831 0.149 0.807 0.434 0.639 0.496 0.515 0.577 0.132 0.799 0.583 0.684 0.289 0.609 0.694 0.151 0.871 0.144 0.372 0.751 0.019 0.327 0.065 0.289 0.995 0.417 0.765 0.879 0.831 
0.866 0.051 0.249 0.859 0.786 0.962 0.993 0.015 0.540 0.464 0.086 0.562 0.038 0.557 0.983 0.211 0.768 0.669 0.725 0.894 0.067 0.512 0.368 0.201 0.997 0.969 0.293 0.884 0.811 0.087 
0.719 0.684 0.419 0.021 0.302 0.682 0.394 0.841 0.422 0.076 0.626 0.742 0.096 0.017 0.497 0.264 0.355 0.838 0.472 0.815 0.468 0.788 0.454 0.397 0.197 0.141 0.097 0.077 0.252 0.883 
0.325 0.806 0.499 0.749 0.679 0.561 0.635 0.963 0.530 0.771 0.766 0.789 0.056 0.143 0.853 0.761 0.008 0.422 0.484 0.977 0.392 0.060 0.194 0.812 0.994 0.582 0.337 0.598 0.990 0.166 
0.975 0.296 0.953 0.415 0.144 0.252 0.911 0.732 0.952 0.315 0.819 0.583 0.246 0.756 0.091 0.766 0.511 0.586 0.306 0.294 0.257 0.078 0.490 0.439 0.681 0.007 0.325 0.115 0.586 0.915 
0.105 0.090 0.788 0.804 0.736 0.260 0.018 0.783 0.036 0.341 0.209 0.494 0.067 0.105 0.685 0.166 0.387 0.224 0.932 0.873 0.930 0.854 0.855 0.127 0.590 0.513 0.170 0.480 0.813 0.704 
0.535 0.429 0.926 0.116 0.514 0.374 0.509 0.088 0.397 0.276 0.921 0.396 0.872 0.380 0.440 0.567 0.924 0.552 0.677 0.573 0.772 0.535 0.937 0.401 0.099 0.783 0.352 0.914 0.245 0.520 
0.201 0.670 0.836 0.199 0.915 0.299 0.993 0.935 0.400 0.462 0.132 0.686 0.234 0.241 0.398 0.357 0.648 0.322 0.504 0.579 0.090 0.760 0.720 0.671 0.316 0.622 0.000 0.157 0.305 0.418 
0.167 0.783 0.792 0.958 0.789 0.058 0.524 0.187 0.012 0.847 0.920 0.127 0.289 0.357 0.077 0.620 0.520 0.624 0.544 0.509 0.114 0.414 0.148 0.382 0.760 0.119 0.051 0.463 0.333 0.307 
0.918 0.914 0.656 0.146 0.028 0.135 0.267 0.007 0.919 0.598 0.772 0.118 0.489 0.245 0.852 0.388 0.660 0.292 0.963 0.102 0.796 0.515 0.573 0.282 0.504 0.642 0.735 0.870 0.973 0.159 
0.130 0.119 0.618 0.245 0.832 0.543 0.255 0.588 0.563 0.415 0.649 0.066 0.021 0.432 0.034 0.153 0.579 0.310 0.378 0.297 0.669 0.492 0.452 0.720 0.812 0.715 0.924 0.808 0.804 0.687 
0.450 0.455 0.825 0.099 0.522 0.350 0.815 0.665 0.450 0.233 0.339 0.309 0.488 0.759 0.228 0.887 0.849 0.808 0.814 0.020 0.616 0.223 0.997 0.516 0.865 0.303 0.740 0.430 0.063 0.872 
0.151 0.668 0.939 0.644 0.843 0.421 0.063 0.447 0.591 0.572 0.018 0.704 0.931 0.304 0.198 0.537 0.782 0.745 0.489 0.337 0.333 0.536 0.762 0.740 0.111 0.475 0.948 0.770 0.023 0.462 
0.897 0.770 0.846 0.405 0.593 0.428 0.992 0.933 0.373 0.470 0.568 0.042 0.846 0.157 0.304 0.241 0.659 0.264 0.856 0.991 0.332 0.531 0.243 0.227 0.315 0.641 0.855 0.652 0.167 0.245 
0.850 0.508 0.291 0.262 0.150 0.947 0.287 0.787 0.596 0.370 0.670 0.980 0.138 0.143 0.875 0.211 0.161 0.556 0.924 0.388 0.343 0.613 0.633 0.514 0.477 0.142 0.806 0.540 0.657 0.946 
0.447 0.600 0.704 0.985 0.657 0.395 0.672 0.036 0.319 0.342 0.161 0.559 0.331 0.163 0.478 0.989 0.776 0.381 0.088 0.077 0.087 0.526 0.020 0.888 0.337 0.838 0.107 0.376 0.965 0.459 
0.774 0.343 0.231 0.322 0.797 0.138 0.791 0.344 0.754 0.051 0.698 0.347 0.523 0.873 0.371 0.798 0.025 0.278 0.093 0.964 0.190 0.946 0.156 0.182 0.705 0.954 0.787 0.454 0.059 0.042 
0.193 0.236 0.625 0.846 0.941 0.798 0.971 0.730 0.472 0.701 0.692 0.903 0.260 0.521 0.256 0.327 0.735 0.564 0.814 0.797 0.511 0.651 0.102 0.939 0.727 0.306 0.334 0.179 0.447 0.405 
0.176 0.275 0.222 0.485 0.477 0.290 0.790 0.338 0.751 0.070 0.790 0.226 0.973 0.342 0.768 0.539 0.770 0.080 0.082 0.932 0.520 0.555 0.607 0.560 0.770 0.521 0.303 0.689 0.299 0.697 
0.187 0.679 0.388 0.974 0.296 0.688 0.888 0.763 0.046 0.154 0.421 0.538 0.299 0.811 0.795 0.029 0.229 0.712 0.649 0.411 0.170 0.992 0.597 0.161 0.801 0.629 0.146 0.202 0.391 0.715 
0.520 0.978 0.208 0.786 0.002 0.697 0.238 0.598 0.968 0.679 0.899 0.177 0.540 0.441 0.685 0.784 0.813 0.457 0.289 0.175 0.798 0.283 0.751 0.122 0.496 0.810 0.299 0.964 0.980 0.007 
0.945 0.306 0.037 0.975 0.928 0.121 0.908 0.695 0.341 0.149 0.826 0.473 0.208 0.916 0.360 0.460 0.487 0.950 0.793 0.312 0.297 0.426 0.590 0.526 0.205 0.423 0.377 0.176 0.266 0.417 
0.668 0.188 0.276 0.997 0.267 0.840 0.556 0.708 0.629 0.767 0.184 0.108 0.432 0.573 0.494 0.549 0.039 0.954 0.265 0.107 0.364 0.062 0.977 0.130 0.324 0.096 0.896 0.263 0.510 0.799 
0.548 0.852 0.141 0.663 0.848 0.863 0.218 0.648 0.737 0.328 0.464 0.194 0.709 0.903 0.123 0.331 0.267 0.865 0.348 0.685 0.956 0.066 0.395 0.916 0.328 0.682 0.099 0.296 0.658 0.321 
0.149 0.914 0.758 0.275 0.841 0.465 0.070 0.150 0.391 0.007 0.812 0.939 0.336 0.614 0.837 0.712 0.977 0.114 0.340 0.598 0.969 0.465 0.765 0.292 0.725 0.177 0.930 0.126 0.798 0.779 
0.675 0.679 0.926 0.488 0.708 0.712 0.330 0.271 0.340 0.130 0.295 0.398 0.708 0.314 0.521 0.173 0.804 0.940 0.918 0.937 0.848 0.348 0.623 0.225 0.466 0.448 0.636 0.708 0.082 0.677 
0.143 0.705 0.140 0.613 0.431 0.074 0.170 0.743 0.894 0.941 0.631 0.129 0.732 0.898 0.735 0.313 0.427 0.490 0.588 0.776 0.289 0.403 0.884 0.716 0.322 0.462 0.943 0.984 0.882 0.021 
0.451 0.919 0.903 0.369 0.645 0.631 0.170 0.192 0.397 0.873 0.415 0.753 0.502 0.409 0.626 0.942 0.953 0.452 0.601 0.035 0.664 0.878 0.846 0.236 0.945 0.713 0.293 0.091 0.620 0.309 
0.769 0.507 0.026 0.035 0.567 0.467 0.561 0.054 0.251 0.830 0.573 0.234 0.265 0.017 0.975 0.627 0.475 0.521 0.033 0.513 0.308 0.933 0.833 0.420 0.503 0.355 0.685 0.665 0.186 0.034 
0.204 0.559 0.319 0.411 0.332 0.731 0.532 0.702 0.626 0.411 0.151 0.424 0.035 0.247 0.047 0.171 0.874 0.518 0.588 0.083 0.741 0.775 0.308 0.527 0.308 0.110 0.192 0.230 0.582 0.048 
0.936 0.625 0.593 0.976 0.448 0.498 0.421 0.521 0.150 0.592 0.804 0.798 0.968 0.701 0.600 0.843 0.889 0.544 0.463 0.691 0.260 0.895 0.687 0.737 0.610 0.284 0.163 0.437 0.332 0.741 
0.793 0.676 0.183 0.026 0.478 0.759 0.131 0.017 0.071 0.161 0.618 0.676 0.230 0.025 0.369 0.771 0.679 0.191 0.294 0.168 0.063 0.379 0.425 0.803 0.235 0.453 0.606 0.760 0.542 0.452 
0.941 0.383 0.998 0.754 0.104 0.591 0.289 0.890 0.174 0.747 0.703 0.547 0.966 0.477 0.831 0.043 0.989 0.721 0.729 0.151 0.019 0.117 0.314 0.942 0.583 0.911 0.638 0.283 0.927 0.224 
0.253 0.709 0.727 0.135 0.709 0.920 0.034 0.810 0.059 0.670 0.527 0.763 0.196 0.927 0.844 0.801 0.392 0.253 0.223 0.447 0.817 0.567 0.924 0.346 0.410 0.383 0.489 0.452 0.650 0.696 
0.194 0.463 0.414 0.499 0.211 0.503 0.934 0.875 0.462 0.896 0.444 0.457 0.122 0.780 0.930 0.980 0.606 0.516 0.322 0.806 0.712 0.786 0.700 0.886 0.456 0.337 0.718 0.781 0.681 0.721 
0.646 0.809 0.812 0.925 0.266 0.391 0.870 0.516 0.490 0.719 0.524 0.889 0.627 0.220 0.937 0.654 0.113 0.201 0.109 0.670 0.794 0.908 0.035 0.692 0.811 0.097 0.400 0.221 0.397 0.556 
0.695 0.769 0.950 0.891 0.332 0.913 0.515 0.847 0.401 0.381 0.597 0.478 0.857 0.866 0.827 0.651 0.600 0.092 0.097 0.992 0.714 0.004 0.146 0.768 0.660 0.618 0.560 0.670 0.772 0.495 
0.768 0.203 0.230 0.203 0.857 0.087 0.759 0.702 0.727 0.890 0.735 0.793 0.317 0.842 0.586 0.277 0.315 0.272 0.259 0.920 0.910 0.759 0.005 0.224 0.330 0.733 0.655 0.068 0.300 0.053 
0.182 0.088 0.989 0.774 0.793 0.586 0.647 0.341 0.243 0.529 0.637 0.739 0.097 0.899 0.361 0.006 0.323 0.615 0.507 0.224 0.989 0.302 0.821 0.968 0.542 0.861 0.592 0.013 0.443 0.399 
0.943 0.277 0.068 0.673 0.714 0.246 0.476 0.485 0.089 0.250 0.993 0.810 0.684 0.421 0.172 0.692 0.512 0.520 0.695 0.039 0.536 0.390 0.686 0.037 0.217 0.691 0.618 0.815 0.065 0.268 
0.394 0.639 0.821 0.627 0.098 0.181 0.179 0.729 0.910 0.935 0.942 0.077 0.506 0.606 0.608 0.322 0.374 0.594 0.248 0.217 0.316 0.358 0.838 0.952 0.606 0.261 0.855 0.780 0.958 0.059 
0.973 0.353 0.697 0.481 0.504 0.292 0.129 0.552 0.504 0.826 0.884 0.597 0.800 0.339 0.709 0.369 0.460 0.828 0.797 0.148 0.043 0.299 0.464 0.278 0.206 0.908 0.656 0.351 0.759 0.086 
0.130 0.163 0.423 0.479 0.267 0.446 0.228 0.960 0.525 0.329 0.302 0.430 0.119 0.189 0.887 0.217 0.141 0.358 0.490 0.527 0.793 0.362 0.091 0.780 0.792 0.201 0.936 0.673 0.494 0.463 
0.201 0.116 0.972 0.436 0.949 0.603 0.650 0.060 0.238 0.868 0.683 0.617 0.048 0.359 0.138 0.660 0.719 0.884 0.552 0.525 0.907 0.141 0.186 0.752 0.549 0.975 0.650 0.360 0.463 0.330 
0.109 0.519 0.956 0.875 0.501 0.646 0.414 0.326 0.846 0.861 0.725 0.048 0.036 0.386 0.532 0.303 0.265 0.884 0.740 0.869 0.757 0.799 0.366 0.062 0.075 0.004 0.639 0.064 0.795 0.452 
0.957 0.477 0.110 0.947 0.799 0.127 0.147 0.087 0.777 0.481 0.538 0.712 0.837 0.324 0.871 0.167 0.537 0.802 0.709 0.431 0.636 0.254 0.306 0.472 0.612 0.422 0.054 0.558 0.430 0.088 
0.462 0.938 0.931 0.802 0.883 0.789 0.899 0.030 0.389 0.759 0.814 0.730 0.848 0.267 0.169 0.260 0.969 0.021 0.110 0.286 0.995 0.852 0.255 0.535 0.202 0.304 0.324 0.387 0.767 0.618 
0.839 0.150 0.378 0.930 0.069 0.939 0.858 0.603 0.297 0.639 0.776 0.774 0.703 0.597 0.012 0.677 0.841 0.577 0.902 0.296 0.400 0.755 0.729 0.239 0.516 0.992 0.370 0.021 0.279 0.120 
0.697 0.570 0.579 0.651 0.417 0.526 0.791 0.676 0.573 0.569 0.257 0.580 0.493 0.186 0.077 0.005 0.336 0.434 0.288 0.492 0.196 0.455 0.106 0.871 0.288 0.041 0.646 0.264 0.217 0.715 
0.770 0.053 0.247 0.183 0.819 0.682 0.139 0.337 0.354 0.931 0.128 0.160 0.388 0.212 0.542 0.036 0.591 0.500 0.783 0.154 0.700 0.909 0.024 0.842 0.635 0.964 0.526 0.135 0.850 0.161 
0.768 0.817 0.535 0.859 0.856 0.392 0.290 0.531 0.452 0.098 0.652 0.205 0.428 0.831 0.685 0.084 0.940 0.536 0.058 0.939 0.326 0.037 0.549 0.397 0.568 0.231 0.084 0.531 0.772 0.441 
0.378 0.659 0.037 0.583 0.121 0.589 0.310 0.424 0.265 0.574 0.454 0.931 0.530 0.157 0.926 0.584 0.776 0.662 0.666 0.443 0.074 0.294 0.150 0.563 0.779 0.468 0.276 0.580 0.937 0.135 
0.580 0.506 0.587 0.947 0.484 0.830 0.053 0.028 0.519 0.937 0.061 0.841 0.025 0.664 0.804 0.707 0.155 0.705 0.247 0.953 0.234 0.051 0.404 0.040 0.383 0.016 0.991 0.825 0.047 0.511 
0.310 0.699 0.378 0.636 0.027 0.863 0.756 0.056 0.302 0.246 0.203 0.042 0.799 0.641 0.745 0.827 0.792 0.305 0.256 0.440 0.206 0.403 0.220 0.012 0.511 0.510 0.451 0.031 0.233 0.987 
0.925 0.839 0.548 0.138 0.303 0.903 0.379 0.081 0.622 0.136 0.605 0.992 0.360 0.870 0.907 0.695 0.230 0.380 0.147 0.511 0.327 0.412 0.489 0.287 0.604 0.584 0.759 0.689 0.971 0.416 
0.904 0.372 0.765 0.189 0.940 0.871 0.849 0.042 0.714 0.099 0.546 0.004 0.266 0.794 0.318 0.079 0.988 0.305 0.538 0.783 0.179 0.317 0.268 0.996 0.349 0.196 0.354 0.461 0.389 0.579 
0.701 0.090 0.649 0.056 0.190 0.565 0.693 0.770 0.115 0.270 0.111 0.429 0.370 0.101 0.260 0.970 0.706 0.955 0.501 0.859 0.878 0.931 0.121 0.978 0.188 0.861 0.941 0.523 0.443 0.218 
0.611 0.598 0.644 0.074 0.293 0.865 0.193 0.128 0.737 0.143 0.716 0.183 0.781 0.637 0.410 0.303 0.652 0.502 0.383 0.737 0.640 0.182 0.509 0.978 0.180 0.332 0.918 0.286 0.938 0.901 
0.568 0.429 0.548 0.811 0.840 0.595 0.662 0.894 0.168 0.948 0.285 0.618 0.308 0.352 0.490 0.085 0.747 0.705 0.887 0.455 0.476 0.663 0.406 0.273 0.798 0.153 0.844 0.511 0.810 0.794 
0.321 0.673 0.137 0.930 0.751 0.343 0.321 0.362 0.534 0.312 0.204 0.944 0.524 0.257 0.185 0.177 0.568 0.310 0.695 0.858 0.925 0.123 0.643 0.147 0.146 0.288 0.286 0.614 0.944 0.179 
0.250 0.367 0.618 0.059 0.277 0.364 0.277 0.072 0.416 0.151 0.453 0.948 0.545 0.088 0.677 0.529 0.945 0.222 0.620 0.413 0.616 0.999 0.046 0.603 0.275 0.181 0.323 0.338 0.029 0.609 
0.543 0.842 0.616 0.993 0.706 0.706 0.837 0.024 0.400 0.345 0.721 0.991 0.816 0.279 0.587 0.778 0.330 0.435 0.752 0.876 0.528 0.530 0.028 0.065 0.294 0.592 0.268 0.757 0.355 0.997 
0.240 0.587 0.579 1.000 0.937 0.375 0.106 0.710 0.550 0.983 0.755 0.834 0.803 0.006 0.556 0.180 0.760 0.353 0.343 0.649 0.510 0.694 0.995 0.537 0.401 0.004 0.296 0.959 0.290 0.657 
0.717 0.227 0.947 0.273 0.119 0.934 0.598 0.331 0.336 0.884 0.914 0.183 0.997 0.252 0.649 0.588 0.021 0.832 0.065 0.434 0.621 0.535 0.342 0.126 0.106 0.065 0.023 0.887 0.891 0.372 
0.018 0.814 0.211 0.984 0.724 0.335 0.610 0.345 0.553 0.966 0.202 0.302 0.801 0.818 0.955 1.000 0.816 0.476 0.501 0.704 0.126 0.474 0.933 0.194 0.687 0.654 0.165 0.006 0.765 0.200 
0.962 0.268 0.170 0.161 0.807 0.426 0.071 0.602 0.152 0.547 0.047 0.545 0.275 0.002 0.312 0.963 0.590 0.667 0.241 0.460 0.286 0.748 0.499 0.628 0.456 0.135 0.565 0.534 0.524 0.607 
0.741 0.228 0.139 0.236 0.215 0.309 0.871 0.132 0.567 0.424 0.921 0.712 0.362 0.505 0.681 0.484 0.967 0.516 0.339 0.075 0.761 0.375 0.107 0.997 0.792 0.556 0.073 0.833 0.636 0.180 
0.324 0.385 0.521 0.847 0.949 0.418 0.353 0.067 0.833 0.549 0.145 0.338 0.921 0.735 0.848 0.500 0.362 0.917 0.004 0.251 0.209 0.283 0.249 0.973 0.953 0.475 0.395 0.158 0.400 0.712 
0.151 0.639 0.527 0.613 0.208 0.238 0.332 0.802 0.679 0.161 0.193 0.899 0.475 0.447 0.221 0.496 0.956 0.105 0.266 0.985 0.790 0.189 0.647 0.110 0.280 0.214 0.753 0.959 0.190 0.184 
0.926 0.708 0.547 0.150 0.049 0.636 0.177 0.398 0.569 0.642 0.530 0.808 0.495 0.569 0.991 0.586 0.666 0.551 0.745 0.458 0.108 0.933 0.489 0.234 0.280 0.046 0.991 0.781 0.749 0.232 
0.341 0.282 0.631 0.833 0.258 0.976 0.224 0.788 0.441 0.941 0.202 0.757 0.617 0.240 0.820 0.569 0.303 0.047 0.920 0.090 0.292 0.541 0.454 0.049 0.732 0.556 0.221 0.508 0.525 0.614 
0.379 0.734 0.946 0.046 0.433 0.447 0.129 0.219 0.974 0.144 0.044 0.712 0.734 0.638 0.673 0.041 0.748 0.639 0.850 0.500 0.776 0.626 0.924 0.104 0.990 0.847 0.139 0.858 0.978 0.350 
0.357 0.397 0.885 0.689 0.333 0.080 0.686 0.849 0.575 0.780 0.852 0.825 0.790 0.649 0.851 0.753 0.452 0.497 0.516 0.763 0.588 0.805 0.710 0.162 0.908 0.540 0.569 0.450 0.069 0.898 
0.369 0.575 0.469 0.862 0.196 0.302 0.244 0.481 0.017 0.417 0.270 0.507 0.252 0.434 0.481 0.660 0.566 0.334 0.339 0.875 0.366 0.662 0.471 0.967 0.488 0.269 0.779 0.645 0.215 0.712 
0.663 0.860 0.611 0.774 0.226 0.281 0.108 0.799 0.191 0.086 0.106 0.429 0.191 0.296 0.664 0.467 0.072 0.101 0.607 0.312 0.174 0.181 0.640 0.853 0.588 0.545 0.772 0.805 0.364 0.199 
0.093 0.580 0.445 0.680 0.249 0.935 0.672 0.693 0.216 0.596 0.891 0.118 0.825 0.956 0.449 0.984 0.280 0.338 0.731 0.088 0.535 0.983 0.723 0.558 0.424 0.556 0.042 0.852 0.369 0.146 
0.574 0.789 0.768 0.653 0.439 0.440 0.677 0.263 0.267 0.667 0.088 0.749 0.432 0.138 0.021 0.952 0.532 0.486 0.244 0.767 0.286 0.869 0.472 0.084 0.070 0.196 0.856 0.037 0.795 0.349 
0.957 0.327 0.527 0.294 0.284 0.017 0.032 0.709 0.551 0.334 0.072 0.160 0.215 0.623 0.843 0.718 0.910 0.904 0.320 0.438 0.970 0.768 0.150 0.916 0.636 0.315 0.609 0.808 0.670 0.014 
0.650 0.364 0.004 0.184 0.941 0.717 0.982 0.171 0.751 0.533 0.491 0.260 0.104 0.548 0.816 0.748 0.165 0.739 0.877 0.644 0.961 0.638 0.708 0.230 0.806 0.199 0.215 0.446 0.159 0.664 
0.438 0.911 0.836 0.247 0.414 0.305 0.267 0.572 0.153 0.700 0.531 0.357 0.770 0.126 0.532 0.185 0.634 0.459 0.502 0.416 0.713 0.854 0.734 0.662 0.773 0.575 0.191 0.709 0.926 0.968 
0.728 0.296 0.014 0.526 0.541 0.141 0.007 0.763 0.945 0.956 0.752 0.926 0.909 0.583 0.195 0.017 0.176 0.259 0.996 0.755 0.017 0.751 0.891 0.199 0.302 0.235 0.168 0.982 0.496 0.309 
0.669 0.635 0.754 0.908 0.600 0.990 0.811 0.224 0.983 0.319 0.078 0.639 0.604 0.861 0.991 0.505 0.991 0.841 0.577 0.450 0.512 0.155 0.296 0.325 0.818 0.161 0.946 0.138 0.732 0.334 
0.419 0.168 0.789 0.860 0.450 0.805 0.479 0.921 0.093 0.950 0.910 0.320 0.523 0.808 0.780 0.246 0.404 0.765 0.037 0.111 0.950 0.808 0.853 0.338 0.597 0.660 0.676 0.465 0.538 0.757 
0.991 0.174 0.432 0.127 0.951 0.964 0.164 0.078 0.926 0.346 0.622 0.867 0.132 0.914 0.171 0.612 0.842 0.414 0.749 0.462 0.005 0.092 0.397 0.091 0.770 0.656 0.345 0.809 0.853 0.170 
0.302 0.881 0.215 0.455 0.633 0.233 0.534 0.058 0.734 0.211 0.068 0.007 0.776 0.280 0.898 0.973 0.049 0.388 0.412 0.922 0.135 0.837 0.966 0.667 0.694 0.120 0.444 0.992 0.728 0.267 
0.820 0.337 0.350 0.299 0.856 0.610 0.092 0.260 0.047 0.023 0.644 0.718 0.288 0.703 0.961 0.477 0.705 0.623 0.312 0.124 0.251 0.484 0.332 0.156 0.479 0.012 0.834 0.450 0.284 0.473 
0.376 0.496 0.802 0.259 0.919 0.827 0.963 0.592 0.940 0.920 0.889 0.051 0.934 0.706 0.122 0.386 0.430 0.788 0.238 0.970 0.780 0.240 0.821 0.735 0.687 0.489 0.275 0.230 0.719 0.821 
0.084 0.720 0.968 0.230 0.362 0.914 0.929 0.035 0.970 0.339 0.267 0.483 0.557 0.115 0.262 0.717 0.287 0.679 0.734 0.498 0.946 0.140 0.685 0.535 0.110 0.036 0.265 0.784 0.056 0.990 
0.101 0.728 0.494 0.552 0.343 0.586 0.841 0.081 0.713 0.302 0.898 0.871 0.048 0.599 0.804 0.752 0.509 0.364 0.946 0.279 0.814 0.326 0.803 0.335 0.401 0.800 0.262 0.252 0.974 0.858 
0.512 0.233 0.740 0.433 0.857 0.828 0.201 0.996 0.591 0.184 0.247 0.747 0.426 0.211 0.808 0.940 0.734 0.834 0.767 0.702 0.946 0.540 0.638 0.456 0.611 0.106 0.738 0.391 0.644 0.810 
0.514 0.393 0.320 0.284 0.052 0.809 0.947 0.132 0.117 0.625 0.045 0.345 0.005 0.057 0.832 0.708 0.213 0.445 0.939 0.050 0.379 0.343 0.017 0.578 0.161 0.519 0.722 0.579 0.762 0.925 
0.738 0.257 0.897 0.288 0.174 0.811 0.607 0.736 0.922 0.735 0.580 0.726 0.236 0.357 0.895 0.128 0.785 0.162 0.466 0.087 0.933 0.540 0.468 0.989 0.860 0.765 0.754 0.585 0.622 0.132 
0.805 0.748 0.464 0.828 0.863 0.730 0.246 0.142 0.067 0.885 0.055 0.007 0.256 0.038 0.913 0.710 0.844 0.441 0.064 0.519 0.942 0.734 0.054 0.573 0.903 0.854 0.612 0.147 0.601 0.292 
0.163 0.847 0.782 0.962 0.046 0.048 0.853 0.935 0.243 0.421 0.795 0.615 0.392 0.786 0.123 0.036 0.861 0.818 0.561 0.772 0.242 0.018 0.431 0.236 0.027 0.877 0.938 0.339 0.668 0.728 
0.468 0.385 0.559 0.069 0.087 0.006 0.903 0.879 0.539 0.073 0.718 0.039 0.021 0.861 0.710 0.786 0.893 0.651 0.612 0.326 0.916 0.310 0.083 0.610 0.449 0.774 0.803 0.880 0.559 0.568 
0.680 0.518 0.739 0.006 0.585 0.721 0.366 0.970 0.982 0.037 0.327 0.927 0.637 0.259 0.014 0.000 0.689 0.356 0.657 0.693 0.272 0.812 0.574 0.698 0.480 0.635 0.111 0.079 0.163 0.629 
0.955 0.634 0.156 0.292 0.942 0.588 0.156 0.721 0.140 0.867 0.858 0.468 0.086 0.121 0.535 0.125 0.122 0.180 0.532 0.058 0.010 0.981 0.169 0.621 0.682 0.901 0.168 0.737 0.124 0.736 
0.187 0.024 0.700 0.703 0.911 0.728 0.993 0.007 0.871 0.070 0.890 0.533 0.915 0.650 0.060 0.301 0.793 0.640 0.692 0.902 0.488 0.713 0.679 0.757 0.194 0.871 0.751 0.789 0.873 0.320 
0.279 0.518 0.949 0.427 0.828 0.144 0.155 0.244 0.399 0.566 0.960 0.717 0.066 0.184 0.572 0.987 0.492 0.297 0.411 0.331 0.800 0.011 0.259 0.769 0.564 0.508 0.221 0.018 0.850 0.022 
0.150 0.608 0.549 0.420 0.704 0.707 0.366 0.112 0.263 0.638 0.965 0.723 0.062 0.431 0.515 0.375 0.517 0.060 0.405 0.745 0.565 0.774 0.040 0.858 0.341 0.135 0.848 0.074 0.536 0.082 
0.305 0.944 0.359 0.232 0.865 0.174 0.259 0.248 0.081 0.962 0.804 0.340 0.766 0.404 0.820 0.224 0.994 0.468 0.614 0.144 0.530 0.807 0.601 0.341 0.867 0.486 0.267 0.826 0.951 0.859 
0.064 0.370 0.549 0.291 0.797 0.288 0.080 0.973 0.780 0.867 0.541 0.169 0.752 0.604 0.606 0.752 0.414 0.118 0.041 0.421 0.536 0.667 0.775 0.660 0.720 0.481 0.465 0.765 0.754 0.050 
0.968 0.771 0.619 0.675 0.204 0.914 0.431 0.468 0.175 0.264 0.161 0.452 0.303 0.682 0.455 0.963 0.705 0.979 0.448 0.607 0.436 0.770 0.609 0.618 0.368 0.350 0.189 0.290 0.144 0.523 
0.143 0.464 0.043 0.029 0.965 0.538 0.973 0.845 0.472 0.179 0.405 0.647 0.999 0.669 0.393 0.670 0.774 0.407 0.049 0.134 0.684 0.728 0.331 0.443 0.686 0.765 0.050 0.947 0.921 0.814 
0.322 0.151 0.891 0.330 0.057 0.882 0.020 0.532 0.738 0.033 0.159 0.097 0.651 0.845 0.941 0.476 0.223 0.765 0.060 0.482 0.707 0.868 0.242 0.385 0.724 0.478 0.786 0.299 0.432 0.975 
0.183 0.286 0.710 0.196 0.753 0.560 0.236 0.298 0.420 0.518 0.509 0.932 0.959 0.754 0.404 0.933 0.032 0.757 0.999 0.868 0.789 0.265 0.160 0.867 0.251 0.560 0.869 0.104 0.113 0.591 
0.669 0.425 0.203 0.815 0.384 0.023 0.672 0.767 0.899 0.978 0.752 0.013 0.938 0.827 0.530 0.934 0.109 0.719 0.756 0.761 0.240 0.287 0.612 0.677 0.923 0.462 0.995 0.114 0.262 0.159 
0.974 0.022 0.073 0.067 0.095 0.318 0.727 0.480 0.744 0.968 0.840 0.314 0.890 0.204 0.594 0.416 0.488 0.016 0.429 0.365 0.029 0.891 0.467 0.816 0.245 0.841 0.480 0.805 0.535 0.527 
0.189 0.752 0.521 0.424 0.378 0.098 0.901 0.653 0.587 0.554 0.172 0.295 0.834 0.548 0.774 0.381 0.563 0.915 0.281 0.845 0.558 0.544 0.220 0.154 0.020 0.402 0.045 0.058 0.803 0.052 
0.140 0.956 0.971 0.259 0.393 0.276 0.523 0.742 0.215 0.485 0.111 0.666 0.852 0.461 0.782 0.799 0.200 0.999 0.163 0.603 0.748 0.405 0.055 0.039 0.495 0.921 0.324 0.944 0.484 0.483 
0.210 0.608 0.885 0.455 0.544 0.107 0.961 0.300 0.587 0.073 0.820 0.145 0.152 0.310 0.837 0.205 0.876 0.336 0.157 0.986 0.302 0.335 0.653 0.519 0.643 0.294 0.030 0.205 0.950 0.738 
0.485 0.270 0.570 0.467 0.978 0.279 0.375 0.960 0.360 0.354 0.127 0.795 0.056 0.538 0.971 0.631 0.770 0.754 0.207 0.213 0.686 0.839 0.921 0.005 0.171 0.123 0.256 0.515 0.983 0.652 
0.264 0.761 0.293 0.945 0.652 0.939 0.815 0.601 0.957 0.895 0.808 0.774 0.489 0.167 0.411 0.668 0.875 0.299 0.865 0.188 0.148 0.407 0.257 0.468 0.115 0.844 0.892 0.985 0.897 0.044 
0.270 0.095 0.425 0.212 0.714 0.746 0.748 0.699 0.660 0.233 0.498 0.400 0.632 0.764 0.611 0.816 0.582 0.525 0.237 0.669 0.291 0.144 0.903 0.376 0.967 0.125 0.591 0.742 0.888 0.844 
0.676 0.311 0.393 0.719 0.003 0.981 0.095 0.703 0.435 0.955 0.242 0.686 0.451 0.126 0.305 0.472 0.408 0.533 0.558 0.536 0.012 0.128 0.124 0.564 0.620 0.304 0.156 0.873 0.797 0.534 
0.894 0.966 0.672 0.990 0.295 0.418 0.772 0.873 0.782 0.280 0.199 0.574 0.164 0.946 0.462 0.423 0.757 0.765 0.035 0.607 0.206 0.011 0.558 0.591 0.389 0.322 0.441 0.220 0.658 0.556 
0.607 0.878 0.610 0.951 0.255 0.071 0.148 0.260 0.260 0.690 0.872 0.494 0.146 0.226 0.061 0.264 0.313 0.192 0.106 0.953 0.787 0.732 0.156 0.928 0.462 0.478 0.167 0.379 0.689 0.252 
0.607 0.189 0.984 0.731 0.040 0.555 0.862 0.742 0.430 0.025 0.676 0.802 0.679 0.506 0.336 0.488 0.289 0.161 0.492 0.470 0.974 0.447 0.155 0.464 0.260 0.760 0.361 0.626 0.977 0.088 
0.778 0.020 0.636 0.388 0.571 0.269 0.026 0.856 0.226 0.941 0.839 0.591 0.082 0.629 0.444 0.373 0.787 0.184 0.437 0.073 0.207 0.889 0.259 0.401 0.112 0.819 0.371 0.349 0.285 0.164 
0.175 0.030 0.698 0.460 0.393 0.225 0.078 0.662 0.734 0.376 0.426 0.995 0.296 0.853 0.062 0.343 0.926 0.313 0.134 0.259 0.020 0.444 0.616 0.614 0.151 0.289 0.491 0.337 0.963 0.750 
0.929 0.290 0.384 0.076 0.828 0.146 0.127 0.132 0.200 0.782 0.352 0.335 0.515 0.322 0.260 0.473 0.455 0.404 0.412 0.108 0.233 0.706 0.638 0.728 0.450 0.329 0.791 0.760 0.410 0.219 
0.183 0.575 0.291 0.288 0.227 0.017 0.178 0.963 0.467 0.515 0.969 0.006 0.449 0.501 0.430 0.313 0.137 0.676 0.732 0.811 0.403 0.384 0.051 0.089 0.415 0.490 0.422 0.337 0.537 0.078 
0.626 0.306 0.667 0.908 0.829 0.572 0.047 0.948 0.320 0.432 0.194 0.757 0.320 0.679 0.618 0.315 0.738 0.524 0.358 0.840 0.389 0.934 0.426 0.372 0.872 0.480 0.192 0.072 0.826 0.212 
0.652 0.786 0.450 0.016 0.074 0.527 0.838 0.701 0.494 0.763 0.907 0.626 0.901 0.904 0.322 0.115 0.191 0.329 0.549 0.382 0.880 0.030 0.270 0.124 0.015 0.224 0.826 0.199 0.144 0.244 
0.849 0.725 0.437 0.318 0.646 0.204 0.152 0.750 0.503 0.202 0.347 0.732 0.079 0.958 0.065 0.755 0.354 0.680 0.152 0.129 0.633 0.583 0.625 0.453 0.634 0.579 0.260 0.066 0.298 0.201 
0.400 0.303 0.087 0.964 0.064 0.901 0.649 0.452 0.384 0.572 0.477 0.940 0.316 0.066 0.597 0.539 0.188 0.056 0.884 0.471 0.572 0.103 0.753 0.473 0.414 0.974 0.037 0.145 0.124 0.091 
0.545 0.265 0.298 0.168 0.624 0.016 0.162 0.352 0.266 0.624 0.671 0.130 0.902 0.219 0.554 0.851 0.815 0.361 0.993 0.115 0.706 0.671 0.060 0.415 0.882 0.088 0.597 0.654 0.176 0.527 
0.066 0.295 0.680 0.635 0.386 0.658 0.104 0.261 0.684 0.338 0.765 0.921 0.661 0.786 0.754 0.383 0.988 0.555 0.625 0.165 0.250 0.377 0.521 0.920 0.088 0.314 0.855 0.538 0.831 0.862 
0.722 0.418 0.715 0.054 0.120 0.783 0.102 0.838 0.954 0.563 0.033 0.588 0.675 0.788 0.973 0.760 0.265 0.261 0.640 0.127 0.281 0.678 0.757 0.082 0.790 0.125 0.843 0.104 0.337 0.027 
0.709 0.923 0.768 0.545 0.810 0.430 0.908 0.467 0.450 0.095 0.147 0.011 0.225 0.118 0.540 0.041 0.610 0.469 0.578 0.018 0.056 0.158 0.574 0.784 0.786 0.808 0.022 0.440 0.277 0.058 
0.210 0.900 0.620 0.261 0.484 0.873 0.721 0.885 0.474 0.382 0.080 0.399 0.522 0.294 0.411 0.512 0.680 0.582 0.967 0.770 0.681 0.419 0.888 0.656 0.503 0.113 0.109 0.722 0.748 0.053 
0.638 0.225 0.004 0.161 0.091 0.823 0.920 0.234 0.557 0.416 0.375 0.616 0.650 0.080 0.205 0.092 0.942 0.642 0.039 0.757 0.897 0.110 0.957 0.403 0.166 0.805 0.335 0.297 0.590 0.745 
0.772 0.268 0.003 0.327 0.841 0.845 0.119 0.838 0.840 0.392 0.784 0.478 0.573 0.086 0.021 0.311 0.054 0.193 0.611 0.531 0.536 0.867 0.430 0.309 0.555 0.190 0.145 0.309 0.422 0.156 
0.562 0.033 0.829 0.193 0.845 0.612 0.337 0.855 0.656 0.699 0.868 0.297 0.241 0.096 0.351 0.365 0.157 0.507 0.077 0.603 0.797 0.144 0.705 0.040 0.436 0.446 0.987 0.940 0.103 0.654 
0.471 0.347 0.560 0.991 0.732 0.591 0.261 0.737 0.820 0.731 0.969 0.611 0.062 0.888 0.280 0.819 0.529 0.674 0.185 0.232 0.587 0.567 0.324 0.033 1.000 0.690 0.896 0.821 0.698 0.034 
0.885 0.511 0.506 0.345 0.593 0.077 0.237 0.821 0.728 0.922 0.459 0.813 0.918 0.300 0.800 0.896 0.052 0.915 0.267 0.173 0.822 0.493 0.918 0.729 0.277 0.159 0.431 0.769 0.556 0.157 
0.314 0.964 0.506 0.830 0.167 0.733 0.070 0.919 0.768 0.646 0.755 0.207 0.346 0.255 0.147 0.459 0.206 0.225 0.944 0.143 0.340 0.179 0.324 0.127 0.863 0.892 0.770 0.220 0.450 0.589 
0.354 0.302 0.528 0.008 0.434 0.872 0.099 0.206 0.731 0.410 0.660 0.747 0.461 0.944 0.289 0.820 0.056 0.615 0.551 0.601 0.646 0.674 0.382 0.041 0.763 0.819 0.548 0.672 0.760 0.167 
0.103 0.568 0.220 0.087 0.959 0.460 0.124 0.622 0.909 0.558 0.541 0.802 0.736 0.143 0.774 0.657 0.065 0.767 0.418 0.729 0.290 0.144 0.727 0.918 0.316 0.798 0.658 0.552 0.394 0.109 
0.847 0.914 0.045 0.759 0.939 0.600 0.414 0.017 0.483 0.683 0.404 0.665 0.271 0.284 0.538 0.843 0.827 0.685 0.472 0.982 0.172 0.196 0.506 0.433 0.352 0.413 0.624 0.433 0.875 0.066 
0.918 0.978 0.849 0.536 0.308 0.002 0.644 0.345 0.200 0.600 0.773 0.907 0.427 0.770 0.668 0.817 0.706 0.660 0.501 0.526 0.878 0.791 0.235 0.830 0.115 0.971 0.523 0.720 0.815 0.516 
0.984 0.777 0.101 0.143 0.514 0.561 0.891 0.590 0.754 0.277 0.314 0.059 0.023 0.336 0.726 0.872 0.005 0.419 0.336 0.158 0.269 0.555 0.513 0.102 0.598 0.282 0.345 0.796 0.487 0.591 
0.530 0.082 0.882 0.953 0.202 0.464 0.585 0.149 0.028 0.225 0.917 0.398 0.445 0.560 0.750 0.639 0.087 0.407 0.272 0.602 0.219 0.130 0.753 0.319 0.958 0.311 0.042 0.818 0.783 0.554 
0.242 0.252 0.170 0.268 0.286 0.013 0.165 0.610 0.696 0.282 0.901 0.536 0.301 0.145 0.045 0.270 0.606 0.238 0.329 0.193 0.481 0.741 0.625 0.350 0.679 0.397 0.886 0.937 0.960 0.530 
0.210 0.970 0.659 0.040 0.077 0.261 0.517 0.784 0.067 0.647 0.562 0.663 0.750 0.281 0.037 0.801 0.316 0.849 0.523 0.878 0.558 0.798 0.324 0.707 0.670 0.864 0.873 0.107 0.533 0.897 
0.319 0.193 0.082 0.765 0.531 0.853 0.998 0.323 0.327 0.148 0.482 0.003 0.974 0.799 0.193 0.219 0.473 0.700 0.733 0.780 0.152 0.302 0.906 0.446 0.508 0.191 0.787 0.403 0.048 0.886 
0.282 0.654 0.268 0.746 0.567 0.052 0.855 0.509 0.263 0.458 0.558 0.148 0.987 0.231 0.074 0.759 0.209 0.713 0.464 0.806 0.271 0.994 0.635 0.824 0.676 0.596 0.339 0.743 0.058 0.140 
0.954 0.432 0.756 0.488 0.115 0.434 0.359 0.368 0.627 0.496 0.697 0.224 0.337 0.977 0.278 0.708 0.425 0.122 0.826 0.116 0.065 0.134 0.923 0.180 0.639 0.991 0.216 0.945 0.686 0.570 
0.501 0.976 0.780 0.615 0.769 0.583 0.435 0.585 0.778 0.834 0.529 0.656 0.146 0.955 0.557 0.861 0.050 0.008 0.129 0.047 0.397 0.391 0.541 0.527 0.614 0.078 0.470 0.992 0.783 0.296 
0.243 0.037 0.327 0.345 0.630 0.518 0.348 0.787 0.077 0.295 0.145 0.370 0.477 0.704 0.650 0.569 0.265 0.444 0.558 0.807 0.058 0.472 0.537 0.483 0.454 0.039 0.817 0.925 0.552 0.564 
0.287 0.272 0.033 0.598 0.195 0.214 0.045 0.954 0.010 0.139 0.378 0.202 0.459 0.484 0.494 0.661 0.834 0.933 0.298 0.264 0.830 0.100 0.809 0.452 0.830 0.008 0.696 0.682 0.363 0.828 
0.337 0.673 0.318 0.580 0.251 0.511 0.143 0.718 0.655 0.741 0.167 0.128 0.607 0.936 0.516 0.481 0.587 0.913 0.865 0.612 0.018 0.299 0.335 0.054 0.202 0.100 0.819 0.501 0.098 0.170 
0.500 0.016 0.980 0.589 0.165 0.585 0.534 0.555 0.593 0.440 0.480 0.371 0.140 0.041 0.191 0.422 0.178 0.651 0.370 0.030 0.540 0.956 0.039 0.408 0.293 0.291 0.049 0.077 0.154 0.652 
0.349 0.245 0.241 0.446 0.479 0.231 0.311 0.636 0.637 0.727 0.485 0.168 0.953 0.917 0.743 0.897 0.305 0.429 0.393 0.725 0.920 0.556 0.511 0.457 0.069 0.854 0.033 0.860 0.272 0.395 
0.787 0.491 0.623 0.115 0.315 1.000 0.194 0.645 0.704 0.448 0.443 0.800 0.026 0.377 0.422 0.869 0.867 0.097 0.464 0.545 0.808 0.094 0.079 0.738 0.087 0.224 0.721 0.883 0.690 0.833 
0.868 0.542 0.860 0.631 0.068 1.000 0.653 0.017 0.735 0.711 0.880 0.791 0.634 0.341 0.616 0.658 0.790 0.688 0.976 0.737 0.552 0.613 0.456 0.451 0.514 0.247 0.838 0.797 0.532 0.562 
0.801 0.796 0.866 0.234 0.834 0.868 0.288 0.645 0.948 0.347 0.182 0.997 0.795 0.524 0.805 0.216 0.027 0.386 0.615 0.306 0.125 0.097 0.753 0.858 0.840 0.987 0.223 0.897 0.408 0.455 
0.692 0.529 0.284 0.529 0.934 0.757 0.707 0.929 0.034 0.065 0.017 0.170 0.543 0.703 0.098 0.756 0.495 0.114 0.807 0.398 0.623 0.456 0.537 0.850 0.126 0.617 0.199 0.166 0.227 0.577 
0.047 0.252 0.704 0.482 0.167 0.403 0.818 0.192 0.878 0.512 0.361 0.059 0.600 0.289 0.350 0.202 0.612 0.606 0.643 0.002 0.500 0.932 0.966 0.449 0.315 0.037 0.300 0.786 0.315 0.136 
0.191 0.306 0.863 0.205 0.156 0.441 0.430 0.127 0.184 0.830 0.726 0.027 0.513 0.636 0.072 0.759 0.368 0.128 0.814 0.733 0.180 0.318 0.546 0.149 0.548 0.532 0.041 0.075 0.753 0.743 
0.035 0.646 0.198 0.517 0.278 0.649 0.741 0.126 0.466 0.975 0.449 0.276 0.771 0.130 0.074 0.097 0.265 0.312 0.658 0.345 0.194 0.025 0.366 0.518 0.553 0.085 0.341 0.019 0.915 0.511 
0.850 0.315 0.200 0.669 0.199 0.531 0.962 0.602 0.900 0.078 0.583 0.184 0.367 0.803 0.698 0.843 0.445 0.285 0.800 0.353 0.470 0.085 0.634 0.035 0.219 0.456 0.478 0.118 0.652 0.226 
0.786 0.325 0.322 0.276 0.290 0.787 0.993 0.989 0.814 0.843 0.627 0.966 0.473 0.769 0.174 0.687 0.646 0.440 0.003 0.436 0.682 0.208 0.680 0.330 0.003 0.663 0.729 0.632 0.696 0.021 
0.229 0.931 0.317 0.045 0.412 0.684 0.985 0.921 0.076 0.078 0.479 0.544 0.736 0.419 0.155 0.220 0.475 0.663 0.894 0.235 0.296 0.375 0.863 0.124 0.519 0.073 0.465 0.073 0.161 0.274 
0.843 0.849 0.008 0.675 0.655 0.268 0.288 0.452 0.838 0.619 0.844 0.542 0.245 0.949 0.693 0.798 0.878 0.168 0.570 0.114 0.131 0.881 0.391 0.904 0.246 0.447 0.331 0.208 0.830 0.963 
0.464 0.818 0.712 0.827 0.601 0.786 0.276 0.735 0.651 0.313 0.311 0.489 0.276 0.512 0.796 0.845 0.418 0.989 0.804 0.628 0.187 0.651 0.459 0.948 0.132 0.367 0.512 0.293 0.215 0.570 
0.943 0.725 0.304 0.213 0.099 0.571 0.045 0.010 0.468 0.355 0.186 0.287 0.089 0.519 0.647 0.005 0.859 0.957 0.073 0.086 0.962 0.237 0.182 0.156 0.324 0.643 0.430 0.360 0.933 0.601 
0.928 0.939 0.023 0.556 0.341 0.296 0.184 0.305 0.420 0.054 0.440 0.554 0.794 0.687 0.358 0.083 0.145 0.178 0.738 0.756 0.700 0.803 0.775 0.611 0.450 0.700 0.387 0.413 0.894 0.128 
0.165 0.142 0.879 0.175 0.616 0.443 0.784 0.783 0.233 0.149 0.009 0.852 0.438 0.812 0.547 0.393 0.246 0.261 0.860 0.551 0.238 0.268 0.828 0.654 0.789 0.054 0.401 0.778 0.467 0.462 
0.271 0.772 0.605 0.989 0.128 0.296 0.723 0.055 0.161 0.575 0.019 0.348 0.579 0.111 0.991 0.133 0.950 0.444 0.944 0.290 0.055 0.336 0.567 0.043 0.823 0.430 0.420 0.731 0.625 0.982 
0.416 0.499 0.540 0.566 0.089 0.669 0.219 0.894 0.026 0.293 0.233 0.637 0.272 0.128 0.436 0.683 0.821 0.262 0.615 0.729 0.206 0.236 0.351 0.415 0.124 0.461 0.865 0.970 0.212 0.145 
0.777 0.487 0.077 0.661 0.332 0.381 0.747 0.536 0.416 0.754 0.716 0.380 0.308 0.070 0.132 0.736 0.932 0.687 0.895 0.856 0.418 0.361 0.322 0.124 0.198 0.021 0.040 0.750 0.384 0.402 
0.792 0.927 0.878 0.815 0.197 0.701 0.946 0.948 0.579 0.620 0.655 0.961 0.441 0.348 0.643 0.544 0.487 0.686 0.927 0.879 0.122 0.661 0.166 0.020 0.178 0.948 0.516 0.674 0.646 0.991 
0.196 0.832 0.616 0.140 0.678 0.798 0.530 0.250 0.810 0.536 0.915 0.661 0.895 0.633 0.489 0.184 0.828 0.663 0.312 0.688 0.689 0.445 0.545 0.808 0.046 0.115 0.034 0.424 0.097 0.316 
0.630 0.730 0.822 0.186 0.261 0.852 0.739 0.644 0.336 0.271 0.278 0.469 0.138 0.608 0.957 0.906 0.542 0.541 0.161 0.263 0.857 0.486 0.613 0.975 0.548 0.553 0.926 0.051 0.523 0.815 
0.324 0.394 0.158 0.390 0.682 0.954 0.678 0.412 0.948 0.755 0.917 0.465 0.103 0.205 0.740 0.354 0.103 0.159 0.542 0.212 0.763 0.632 0.635 0.271 0.216 0.371 0.425 0.087 0.644 0.168 
0.695 0.575 0.546 0.823 0.089 0.992 0.722 0.651 0.326 0.746 0.999 0.368 0.157 0.124 0.027 0.139 0.850 0.875 0.001 0.457 0.658 0.627 0.353 0.147 0.554 0.781 0.527 0.266 0.734 0.638 
0.315 0.650 0.502 0.565 0.585 0.916 0.309 0.069 0.751 0.951 0.052 0.986 0.910 0.473 0.856 0.554 0.097 0.970 0.294 0.595 0.026 0.038 0.351 0.013 0.894 0.401 0.069 0.307 0.187 0.499 
0.098 0.571 0.612 0.718 0.941 0.989 0.966 0.980 0.131 0.052 0.875 0.412 0.076 0.234 0.598 0.447 0.947 0.566 0.185 0.961 0.254 0.881 0.565 0.551 0.275 0.505 0.417 0.067 0.360 0.418 
