 0.000000 0.924344 0.924375 1.016407 1.016378 0.984575 0.984739 0.003027 1.944358 0.003143 0.003634 2.248217 0.003634 0.000000 0.823488 0.823473 0.000000 0.003046 1.884765 0.003046 0.002552 1.578889 0.002506 0.875592 0.875592 0.003087 2.030604 0.003282 0.003111 1.924813 0.003111 0.002868 1.774332 0.002868 0.000001 0.183918 1.557958 0.871667 0.000330 0.002718 1.681608 0.002718 0.003733 2.309533 0.003465 1.152048 1.152048 0.003428 1.984551 0.002871
 0.917378 0.698548 0.643935 0.677556 0.677586 0.656383 0.656493 0.002018 1.296239 0.002095 0.002423 1.498811 0.002423 0.003458 1.687203 0.703678 0.000837 0.002031 1.256510 0.002031 0.001701 1.052593 0.001671 0.583728 0.583728 0.002058 1.353736 0.002188 0.002074 1.283209 0.002074 0.001912 1.182888 0.001912 0.002822 1.686692 0.814050 0.581115 0.290664 0.001814 1.121072 0.001812 0.002489 1.539689 0.002310 0.768032 0.768032 0.031011 1.868566 1.224208
 0.917413 0.638787 0.742981 0.664288 0.677593 0.656383 0.656493 0.002018 1.296339 0.182245 1.507595 1.237790 0.454435 2.066499 0.822136 0.624534 0.572234 0.055296 1.256507 0.002031 0.001701 1.052598 0.001681 0.583728 0.583728 0.002058 1.353737 0.002194 0.002093 1.283201 0.002080 0.999145 1.454212 0.576643 1.530937 0.645246 0.001051 0.290664 0.581151 0.803393 1.301442 0.597572 0.064082 1.539198 0.002310 0.768032 0.768034 1.593051 1.025389 0.775853
 0.842993 0.561958 0.601287 0.696242 0.789877 0.656383 0.656493 0.975743 1.558811 1.106417 0.584614 0.395002 1.794682 0.715349 0.001153 0.000837 0.465684 0.929389 1.309848 0.002032 2.085574 1.384285 1.340558 1.269788 1.200718 1.899458 1.191967 1.083836 1.083702 1.064068 1.865960 0.999784 0.393881 0.577064 0.949047 0.310996 0.000000 0.000110 0.783232 0.971606 0.337640 0.598144 1.131812 1.287255 0.347683 0.768033 0.787482 1.290000 0.555255 0.568701
 0.843144 0.562096 0.562104 0.686452 0.956970 0.966527 0.936394 1.371941 0.325405 0.000013 0.000000 0.000000 0.704114 0.704125 0.000000 0.000000 0.000012 0.054588 1.158221 1.789364 0.714382 0.009592 0.000030 0.000042 0.069642 1.319469 0.008755 0.000024 0.000024 0.011289 1.076596 0.000128 0.000000 0.000000 0.249886 1.111303 0.651651 0.651613 1.322426 0.254493 0.000000 0.000000 0.000041 0.442920 1.683576 1.627163 1.309255 0.892175 0.613524 0.613523
 0.003190 0.002127 0.002127 0.002127 2.138529 1.019169 0.779950 0.877584 0.348306 0.000000 0.000000 0.000005 0.925356 1.377119 0.545841 0.058181 0.000891 0.000013 1.546811 0.462771 0.000002 0.000000 0.000000 0.000000 0.000030 1.345469 0.000030 0.000000 0.000000 0.000104 1.085141 0.000104 0.000000 0.000000 0.951184 1.276998 0.651618 0.651630 1.016460 0.381419 0.000001 0.002761 1.532860 1.142412 0.512927 1.733415 1.069658 0.540696 0.002268 0.002255
 2.027431 1.351621 1.351621 1.351688 1.539212 0.000143 0.000000 0.348306 0.696611 0.348306 0.000005 0.969693 1.292799 0.380413 0.545842 1.033490 1.089901 2.180517 1.462445 1.407517 0.703793 0.000018 0.000000 0.000000 0.000030 1.345469 0.000030 0.000000 0.000000 0.000002 1.077880 0.007467 0.000000 0.000360 1.585082 0.317233 0.000000 0.000000 0.381352 1.143328 0.179823 1.650046 0.631198 0.059980 0.002899 1.206422 0.064241 1.190571 1.780202 1.486122
 0.003144 0.002096 0.002096 0.245210 1.487202 0.000000 0.000000 0.000000 0.348306 0.696612 1.004518 1.292922 0.323236 0.000002 0.000000 0.000012 0.001109 1.327696 0.000138 0.082548 0.867586 0.786306 0.001267 0.000000 0.027505 1.351241 0.063683 0.000014 0.000000 0.000044 1.996815 1.310208 0.694127 0.926679 0.951349 0.000120 0.000000 0.000000 0.000144 1.761662 1.181552 0.512197 0.000920 0.000000 0.189010 1.142190 0.000015 0.302565 0.877145 0.002514
 0.800550 0.533700 0.533700 1.808635 0.836259 0.000000 0.000000 0.000000 0.000000 0.348306 1.625893 0.323237 0.000002 0.000000 0.000000 0.000000 0.995785 0.995785 0.000000 0.000000 0.001267 0.786306 0.867636 1.956048 1.350378 1.208791 1.149179 1.149183 0.544800 1.965549 0.657748 0.074858 0.694127 1.245320 1.023846 0.000016 0.000000 0.000039 0.185132 1.361668 0.444188 0.000013 0.000000 0.000001 1.556405 0.603238 0.000000 0.008110 1.162082 0.010069
 0.800550 0.533700 0.533700 0.849929 0.769291 0.000000 0.000000 0.000000 0.000000 0.000005 1.432022 0.000247 0.000000 0.000005 0.000356 0.025546 1.653913 0.332168 0.000000 0.000000 0.000000 0.000018 0.809418 1.266168 0.009163 0.000000 0.000014 0.063676 1.097155 0.926488 0.000015 0.000000 0.000000 0.000016 0.707852 0.707294 1.577553 1.237427 1.114049 0.870981 0.690266 0.344909 0.000000 0.000079 1.266748 0.064346 0.000000 0.002935 1.884127 1.323728
 0.003680 0.002454 0.002454 0.076079 1.345434 0.000000 0.000000 0.000000 0.024407 1.790068 1.303033 1.166709 1.492228 1.269011 1.260809 1.252142 1.171600 0.545391 0.000000 0.000000 0.000000 0.000000 1.798549 0.697089 0.000000 0.000000 0.000000 0.000000 0.544767 0.544767 0.000000 0.000000 0.000000 0.000000 0.001139 2.218398 0.648652 0.061728 0.000013 0.000000 0.344909 0.690370 1.974146 1.601978 1.443530 1.023940 0.341635 1.649785 0.680212 0.002903
 2.339987 1.559992 1.559991 1.559455 1.478232 0.000231 0.000340 1.774024 1.199030 0.591493 0.000114 0.319648 0.639948 0.008674 0.000121 0.000002 0.007501 1.090386 0.007501 0.000000 0.000000 0.026793 1.804387 0.659547 0.000015 0.000000 0.000000 0.000000 0.544767 0.544767 0.000000 0.000000 0.000000 0.000000 0.000006 1.632278 0.000002 0.000000 0.000000 0.000000 0.000000 0.477277 1.449462 0.079914 0.000146 0.341627 1.024220 1.315237 0.065099 0.002100
 0.003782 0.002521 0.002521 0.002523 2.124585 1.287185 1.382442 0.944664 0.008136 0.000000 0.000000 0.005237 0.756021 0.000001 0.000000 0.000000 0.000000 0.545298 0.560088 0.000373 1.947383 1.316200 0.717988 0.722941 0.655179 0.001056 0.000000 0.000000 0.544767 0.544767 0.000000 0.000000 0.000000 0.000000 0.000775 1.632039 0.000002 0.000000 0.000000 0.000000 0.000000 1.982234 0.768283 0.000000 0.000000 0.000000 0.000140 2.131347 1.299278 1.299150
 0.000000 0.000000 0.000000 2.192552 0.750870 0.000002 0.337254 1.011123 0.000128 0.000000 0.000000 0.000073 0.761113 0.000073 0.000000 0.000000 0.000044 1.780069 1.439892 2.015622 0.668038 0.008931 0.000000 0.001056 0.655178 0.722904 0.068782 0.000000 0.549823 0.544322 0.000117 0.000002 0.000000 1.052859 1.754535 1.367818 0.675092 0.009041 0.000000 0.000000 0.030688 2.024883 0.699766 0.000015 0.000000 0.000000 0.000419 1.484458 0.002190 0.002100
 0.955068 0.636712 0.641548 1.406299 0.010055 0.000000 0.000128 1.011123 0.337254 0.000000 0.000000 0.000001 0.756021 0.005237 0.000000 0.003204 1.984625 0.733622 0.069598 0.774256 0.629187 0.000000 0.000000 0.000000 0.000015 0.586426 1.173864 1.919782 1.264167 1.187208 1.219156 1.219269 1.469597 1.357769 0.350953 0.000126 0.657265 1.314278 0.657407 2.230412 1.507539 0.816207 0.763323 0.691771 0.001115 0.000000 0.030079 1.473158 0.002418 0.002420
 0.955068 0.636712 0.636634 1.379279 0.000002 0.000000 0.000000 0.337254 1.011123 0.000128 0.000000 0.000000 0.565779 0.195480 0.208793 1.918202 0.662985 0.001068 0.000000 0.073682 1.329747 0.000016 0.000000 0.000000 0.000045 1.794930 1.318822 1.044067 0.274186 0.000000 0.000000 0.000002 0.313167 0.906437 0.000000 0.000000 0.000000 0.009041 1.314641 1.113129 0.010229 0.000000 0.001115 0.691771 0.818899 1.693773 1.512079 1.794443 1.496986 1.496986
 0.000000 0.000000 0.000139 1.447975 0.000139 0.000000 0.000000 0.000128 1.101570 0.821876 0.646349 0.646349 0.598306 1.700805 1.325940 0.593388 0.000015 0.000000 0.000000 0.000016 1.329747 0.073682 0.000000 0.003231 2.001155 0.739732 0.070178 0.268132 0.776055 0.000000 0.000000 0.000000 0.008391 1.211212 0.000002 0.000000 0.000000 0.000000 0.698677 0.698676 0.000000 0.000000 0.000000 0.000391 1.978921 0.643671 0.405742 1.009244 0.002547 0.002419
 0.003473 0.002315 0.002314 1.435740 0.016589 0.000136 0.000002 0.834308 1.167583 0.656449 0.646349 0.646349 0.647196 1.247927 0.071306 0.000000 0.000000 0.000000 0.000000 0.000035 1.526579 0.922699 0.440734 1.934138 0.668507 0.001077 0.000000 0.007184 1.037001 0.000001 0.000000 0.000000 0.000117 1.219370 0.000117 0.000000 0.000000 0.000000 0.698676 0.698676 0.000000 0.000000 0.000000 1.054079 1.054212 0.000133 0.000127 1.008136 0.336257 0.000000
 2.148672 1.432448 1.432488 2.173160 1.403166 1.416972 1.402330 1.543158 0.278103 0.000000 0.000000 0.000000 0.000000 1.941707 1.274006 0.704261 0.067020 0.000014 0.002540 1.573145 0.581542 0.382591 0.955580 1.204615 0.000015 0.000000 0.000000 0.000100 1.043986 0.000100 0.000000 0.000000 0.000002 1.211212 0.008391 0.000000 0.000040 0.186784 1.695378 1.093656 0.000017 0.000004 0.000616 1.756431 0.351538 0.000000 0.000000 0.336340 1.080602 0.664179
 0.003473 0.002315 0.230819 1.400969 0.000019 0.000136 0.017811 1.433872 0.000002 0.000000 0.000000 0.000000 0.000371 1.305209 0.001152 0.572306 1.209532 1.206380 1.562940 0.525526 0.000847 0.000000 0.071132 1.283739 0.000015 0.000000 0.000000 0.000001 1.037001 0.007184 0.000000 0.000000 0.000000 0.906428 0.313683 1.591631 1.248469 1.123990 0.532716 0.747798 1.575362 1.076165 1.069137 1.157747 0.307366 0.000002 0.000000 0.761986 1.094038 0.664118
 0.003512 0.002342 1.909071 0.740258 0.000000 0.000000 0.000139 1.450044 0.000139 0.000000 0.000000 0.000000 0.978783 0.978783 0.000000 0.000000 0.000014 0.070741 1.070765 0.000013 0.000000 0.000000 0.000015 1.283739 0.071132 0.000000 0.000050 0.234073 2.102619 0.707008 0.001131 0.000000 0.000000 1.827341 1.260343 0.654438 0.062279 0.000013 0.000000 0.000040 1.048512 0.007368 0.000104 0.307234 0.614463 0.307233 0.000288 1.269835 0.254140 0.000000
 2.172891 1.448594 1.343160 0.452305 0.000000 0.000000 0.000324 1.436880 0.015677 0.000000 0.000000 0.000000 1.631140 0.326426 0.000000 0.000000 0.000000 0.000107 1.115938 0.000107 0.000000 0.000000 0.000000 0.607418 0.747070 1.994585 1.564545 1.408552 0.667430 0.703217 1.402097 0.702179 0.001157 1.537159 0.077041 0.000000 0.000000 0.000000 0.000000 0.000023 1.041269 0.000023 0.000000 0.000002 0.307235 0.839038 0.741946 0.833155 0.001834 0.001856
 0.003512 0.002341 0.375632 1.123333 0.000366 0.858599 1.430745 1.117072 1.095162 0.550780 0.917910 1.529774 1.126098 0.279385 0.000000 0.000000 0.000000 0.000002 1.108467 0.007685 0.000021 0.000021 0.000021 0.001284 1.903316 0.820123 0.078046 0.000017 0.000000 0.000000 0.001131 0.702180 1.858468 1.263867 0.000971 0.000000 0.000000 0.000000 0.000000 0.000023 1.041269 0.000023 0.000000 0.000005 0.928820 1.238334 0.623125 1.566312 1.149026 1.148221
 0.003744 0.002496 0.002434 1.308706 1.529652 0.858707 0.286344 0.000108 0.007574 1.818312 0.926265 0.306140 0.279378 0.558524 0.279262 0.000000 0.000000 0.000036 1.549227 0.938054 0.941458 0.941458 0.941458 0.941666 1.124011 0.000000 0.000000 0.000000 0.000000 0.000000 0.000000 0.000000 1.386254 0.694915 1.203237 0.664878 0.063272 0.000013 0.000000 0.000023 1.041269 0.000023 0.000005 0.928821 1.238426 0.309611 0.000013 0.947873 0.054969 0.001856
 2.316319 1.544212 1.544212 1.791329 0.466845 0.000108 0.000000 0.000000 0.000005 1.239454 0.008472 0.000000 0.000000 0.279262 0.558524 0.279262 0.000006 1.620318 0.541860 0.000029 0.000021 0.000021 0.000021 0.000891 1.087455 0.000000 0.000000 0.000000 0.000000 0.000000 0.000004 0.841419 1.136199 0.000001 0.000971 0.540301 1.141893 1.141893 0.540301 0.000978 1.041269 0.000024 0.928821 1.238426 0.309611 0.000002 0.000000 0.500828 0.500828 0.000000
 0.003744 0.002496 0.002496 0.775937 0.776511 0.000000 0.000000 0.000000 0.000348 1.231443 0.000118 0.000000 0.000000 0.000000 0.279481 2.055205 1.519386 1.230692 0.074971 0.000000 0.000000 0.000000 0.000000 0.000000 1.087418 0.000931 0.000000 0.000000 0.000000 0.022826 1.674055 0.840954 0.957773 0.000755 0.000000 0.000000 0.000013 0.063273 0.664878 1.484751 1.646823 1.074917 1.285760 0.309611 0.000002 0.000000 0.000000 0.054328 1.164838 0.498994
 0.000417 0.029737 1.090778 1.754951 1.329765 0.000014 0.000000 0.000000 0.024951 1.222978 0.000002 0.000000 0.000000 0.000000 1.915839 0.656107 0.000004 0.631766 0.778796 0.001137 0.000000 0.000000 0.000000 0.003083 1.895635 1.241876 0.931733 0.310831 1.659007 1.121322 0.553159 0.000106 0.517126 0.420233 0.000000 0.000000 0.000000 0.000000 0.000345 1.518756 0.303978 0.358316 0.798049 0.309440 0.000026 0.000026 0.000058 1.735661 0.828990 0.498989
 2.171185 1.467097 1.090914 0.376878 0.648209 1.222235 0.657256 0.657256 0.904041 0.966989 0.000033 0.000033 0.000033 0.026379 1.294870 0.008786 0.000000 0.000016 0.705834 0.705834 0.000016 0.000000 0.000043 1.912771 0.636938 0.000118 0.310734 0.929674 1.220196 0.007609 0.000000 0.000000 0.049212 0.888137 0.000010 0.000000 0.000000 0.000000 1.797676 0.615639 0.000002 0.000000 0.309439 1.564533 1.187841 1.187829 1.187820 1.162912 0.001045 0.000000
 0.028689 0.011058 0.000154 0.000002 1.801506 1.069062 0.657256 0.657256 0.711971 2.030165 1.500638 1.500624 1.500624 1.490989 1.172791 0.000000 0.000000 0.000000 0.001137 0.778796 0.631766 0.000001 1.910758 0.638979 0.000014 0.000000 0.000000 0.009096 1.312997 0.000002 0.000000 0.000000 0.000010 0.888137 0.049212 0.000000 0.000000 0.024733 1.215016 0.008244 0.000000 0.000000 0.000023 1.022109 0.000045 0.000026 0.000131 0.873356 0.292475 0.001768
 1.639825 0.610823 0.065200 0.001014 1.413488 0.070511 0.000000 0.000000 0.000029 1.297726 0.000059 0.000033 0.000033 0.062674 1.130928 0.000013 0.000000 0.000000 0.000000 0.074100 1.390794 1.510104 0.735181 0.001028 0.000000 0.000000 0.000000 0.000127 1.321841 0.000127 0.000000 0.000000 0.000000 0.823337 1.029942 0.473488 0.050470 1.813681 0.599379 0.000000 0.000000 0.000000 0.000023 1.022095 0.000023 0.000000 0.000000 0.386061 1.573219 1.093707
 0.192445 0.610690 1.093101 0.670741 1.259580 0.000015 0.000000 0.000000 0.000029 1.297709 0.000029 0.000000 0.000000 0.000013 1.130935 0.062665 0.000000 0.000000 0.000043 1.951582 0.955248 0.764736 0.634611 0.000869 0.000000 0.000000 0.000000 0.000002 1.312997 0.009096 0.000000 0.000000 0.679347 0.905800 0.276160 0.473488 0.896507 1.241097 0.001137 0.000000 0.000000 0.000000 0.000023 1.022095 0.000023 0.000000 0.000001 1.539900 0.597697 0.001768
 1.065439 0.709812 0.682739 0.977374 1.044231 0.000013 0.000000 0.000000 0.000029 1.297709 0.000029 0.000000 0.000000 0.000000 0.535116 0.658497 0.000000 0.003149 1.953638 0.652632 0.001050 0.000000 0.538275 0.539976 0.000012 0.000000 0.000000 0.000000 0.982600 0.339495 0.000000 0.679347 0.905796 0.226449 0.000000 0.000000 0.000000 0.634647 0.634647 0.000000 0.000004 0.000314 0.022501 1.019464 0.000033 0.000000 0.000040 1.251577 0.064200 0.002429
 1.065459 0.710306 0.710307 1.525836 1.128007 1.113402 0.588047 0.062680 0.000965 1.297702 0.000041 0.000028 0.000028 0.000028 0.000969 1.191684 0.204706 1.885293 0.650547 0.000015 0.000000 0.000000 0.000012 0.541191 1.250036 0.728076 0.728076 0.728076 0.749428 0.945467 0.664759 0.913797 0.226449 0.000000 0.000000 0.000000 0.000000 0.001022 1.393494 1.365112 1.117401 1.110178 1.102544 1.153758 1.254503 0.733631 1.011762 1.793846 1.502407 1.502910
 0.002598 0.001732 0.001754 1.407189 0.071167 0.062680 0.588047 1.113402 1.173916 1.756342 1.269650 1.269659 1.269659 1.269659 1.269659 1.871471 1.253205 0.957381 0.000000 0.000000 0.000000 0.000000 0.000000 1.939960 1.161516 0.728076 0.728076 0.728076 0.728834 1.829830 0.974793 1.013802 0.534212 0.000013 0.000000 0.000000 0.000000 0.000001 1.503849 0.285060 0.007638 0.000107 0.000002 0.003208 1.701035 0.733269 0.776375 1.040071 0.002555 0.002429
 1.712253 1.141502 1.141499 1.397210 0.000017 0.000000 0.000000 0.000013 0.173482 1.050780 0.000028 0.000028 0.000028 0.000028 0.002879 1.194797 0.375164 0.748403 0.374202 0.000000 0.000000 0.000000 0.000048 1.521942 0.075921 0.000000 0.000000 0.000000 0.003643 1.513385 0.000000 0.062657 0.658538 0.596843 0.000962 0.000044 0.209086 1.918928 1.235717 0.000118 0.000000 0.000000 0.000000 0.209226 1.264358 0.000015 0.000126 0.999054 0.333228 0.000000
 0.002625 0.001750 0.001821 1.458003 0.000140 0.000000 0.000000 0.000000 1.432495 0.555212 0.000000 0.000000 0.000000 0.000000 1.603096 0.659153 0.000000 0.374202 0.748403 0.374202 0.000006 0.000409 0.241823 1.365799 0.000016 0.000000 0.000000 0.000000 0.237285 1.433900 0.000000 0.000000 0.000962 0.596843 1.737159 1.400990 1.258193 0.595317 0.630995 0.614854 0.000000 0.000000 0.000001 1.722878 0.667761 0.000000 0.000000 0.333330 1.182114 0.727496
 0.907318 0.604879 0.604878 1.358850 0.017419 0.000000 0.000000 0.000000 1.166027 0.059180 0.000000 0.000000 0.000000 0.000040 1.257463 0.062728 0.000000 0.000000 0.374202 2.068578 1.464813 1.448134 1.396214 1.282581 0.001032 0.000000 0.000000 0.000000 1.953926 0.757311 0.000000 0.000000 0.000000 0.000016 1.269329 0.073284 0.000015 0.000000 0.008457 1.229471 0.008457 0.000000 0.000044 1.402379 0.071176 0.000000 0.000000 0.899038 1.262756 0.727441
 0.907247 0.604832 0.604832 0.982400 1.177528 0.613914 0.613913 0.613923 1.369544 0.266337 0.007135 0.000099 0.000001 0.188130 1.132087 0.000013 0.000000 0.000000 0.000006 1.523936 0.017344 0.000139 0.000016 0.640297 0.640297 0.000014 0.000048 0.226609 1.554078 0.385458 0.000000 0.000000 0.000000 0.000338 1.196471 0.000115 0.000000 0.000000 0.000000 0.748585 2.006251 0.739543 0.081124 1.582387 0.519074 0.519294 0.519347 1.430876 0.299933 0.000000
 0.711690 0.474460 0.474460 1.695053 0.924767 0.613913 0.613913 0.613918 1.550979 0.770783 1.029933 1.036870 1.029933 1.759753 0.536487 0.000000 0.000000 0.000000 0.000426 1.507275 0.000145 0.000000 0.000000 0.001032 0.706501 1.792766 1.514655 1.363635 0.949930 0.612380 0.305919 0.000000 0.000000 0.024242 1.188247 0.000002 0.000000 0.000000 0.003973 2.378443 0.813371 0.739544 1.400962 1.579361 0.519295 0.519294 0.519292 0.884446 0.292672 0.000000
 0.711639 0.474426 0.474426 1.093295 0.014232 0.000000 0.000000 0.000029 1.313317 0.000029 0.000001 0.000100 0.007135 0.641063 0.645705 0.008779 0.000122 0.000002 0.030540 1.496914 0.000002 0.000000 0.000000 0.000000 0.834073 0.905634 0.075558 0.000016 0.000000 0.305919 0.611838 0.306118 0.997876 1.658733 1.221187 0.008615 0.000000 0.000055 2.460843 0.822071 0.000018 0.000000 0.007936 1.145500 0.000002 0.000000 0.000000 0.292704 1.162025 0.574335
 0.845854 0.563903 0.563924 1.119207 0.000107 0.000000 0.000000 0.000029 1.313317 0.000029 0.000000 0.000000 0.000000 1.501861 1.246639 1.267283 1.275819 1.267277 1.890974 1.458857 0.080547 0.000017 0.000000 0.000000 1.409629 0.282097 0.000000 0.000000 0.000000 0.000000 0.306117 1.960918 0.997876 0.332886 0.626421 1.252404 0.626322 2.207177 0.909657 0.001324 0.000000 0.000000 0.000111 1.153216 0.000111 0.000000 0.000000 0.978359 1.265508 0.574290
 0.845829 0.563886 0.563902 1.272848 0.000137 0.000000 0.000000 0.000029 1.313317 0.000029 0.000000 0.000000 0.000037 1.178402 0.058784 0.000002 0.000122 0.010189 1.265214 0.689127 1.453650 1.453650 0.689005 2.243836 1.463734 0.690404 0.000017 0.000000 0.000000 0.000439 1.308205 1.059984 0.000000 0.000000 0.000000 0.008615 1.289819 1.607753 0.674163 0.000015 0.000000 0.000000 0.000002 1.145500 0.007936 0.000000 0.000370 1.630416 0.326306 0.000000
 0.859693 0.573128 0.573128 1.344529 0.017671 0.000000 0.000000 0.000029 1.313317 0.000029 0.000000 0.000042 0.297486 1.037149 0.000014 0.000000 0.000000 0.198655 1.200475 0.000014 0.000017 0.080547 1.744165 0.755962 0.082175 0.850977 0.771252 0.001464 1.158708 1.930838 1.192444 1.029299 0.000125 0.000000 0.000000 0.000385 1.693704 0.407924 0.724704 0.656810 0.001058 0.000000 0.000000 0.857251 0.296186 0.000000 0.978788 0.978618 0.001793 0.001823
 0.859620 0.573080 0.573081 1.326402 1.015003 0.330107 0.000125 0.000029 1.313317 0.003038 1.694044 1.328802 1.176050 1.000945 0.289100 0.000002 0.000001 1.635828 0.634021 0.000000 0.000000 0.000004 1.043510 0.007133 0.000000 0.001243 0.771248 2.294202 1.158862 0.386431 0.000271 0.989846 0.330157 0.000000 0.000000 1.016401 1.016530 0.000128 0.001058 0.656810 0.724704 0.068953 0.000000 0.296186 0.857251 0.226610 1.918914 1.121367 1.127843 1.127843
 1.200858 0.800573 1.152113 1.579531 0.719155 0.989822 1.319679 2.218189 1.552874 1.882758 0.696549 0.066286 0.000016 0.289100 0.578198 0.289100 0.000042 1.331522 0.067580 0.000000 0.000000 0.000293 1.036766 0.000100 0.000000 0.000000 0.000050 1.500643 0.000172 0.000000 0.000000 0.330157 0.989846 0.000125 0.000385 1.693703 0.338972 0.000000 0.000000 0.000015 0.587886 1.167532 1.975916 1.341169 1.351286 2.003565 0.644234 0.001731 0.001731 0.001731
 1.200864 0.800586 1.697841 0.421572 0.000003 0.000000 0.003578 1.501717 0.075096 1.242475 0.072871 0.000000 0.000000 0.000002 0.289100 0.578198 0.290920 1.267984 0.001036 0.000000 0.000000 0.021006 1.029639 0.000001 0.000000 0.000000 0.000033 1.500505 0.000033 0.000000 0.000000 0.000125 0.989846 0.330157 1.016401 1.016530 0.000128 0.000000 0.000000 0.000000 0.003546 2.096787 0.632157 0.000127 0.002340 1.305612 0.839392 0.619639 0.619638 0.619638
 0.954049 0.641159 1.260035 0.009611 0.000000 0.000006 1.965718 0.865344 0.000016 0.621307 0.765810 0.001199 0.000000 0.000001 0.000038 0.973088 1.690327 1.466682 0.694540 0.203265 1.678916 1.360333 1.196702 0.005691 0.000079 0.000050 0.238182 1.461661 0.009996 0.000027 0.000054 0.176198 1.513939 1.976531 1.370723 1.140027 0.010985 0.000027 0.000027 0.027872 2.107389 0.793809 0.000013 0.000032 0.152841 1.068309 0.845236 0.942000 0.619621 0.619605
 0.954044 0.635422 1.148660 0.009861 0.001885 1.215515 1.694985 0.756068 0.001169 0.003045 1.796624 1.010121 0.447998 1.503391 1.221288 1.651223 0.294654 0.001117 1.220036 1.545362 0.650721 0.070640 1.541081 0.821182 0.826683 2.162456 1.434266 1.400769 1.743663 1.193558 1.276261 1.397890 0.502426 1.271486 0.002209 0.797568 1.742531 1.233360 1.232496 2.102055 1.183727 0.589839 0.000965 0.002347 1.257669 0.736336 0.912275 1.448253 1.097267 0.621944
 1.100435 0.733729 1.710700 1.162259 1.164381 1.928333 0.479995 1.279487 0.076305 0.198775 1.264909 0.411821 1.769068 0.583804 0.062538 1.546708 0.002501 0.000000 0.627816 0.627816 0.000000 0.001835 1.135289 0.001836 0.002184 1.303357 0.002121 0.001803 1.115541 0.001786 0.675562 0.675565 0.001964 1.271674 0.002055 0.001676 1.036723 0.001689 0.002417 1.491213 0.063358 1.055650 0.062959 0.152829 0.972352 0.667576 0.623555 1.159939 1.316334 0.629982
 0.550429 0.366992 1.210864 0.006183 0.003399 1.428480 0.003431 0.714900 0.714587 1.635372 0.635458 0.002228 1.405336 0.002271 0.002501 1.547325 0.002501 0.000000 0.627816 0.627816 0.000000 0.001835 1.135289 0.001835 0.002107 1.303344 0.002107 0.001803 1.115528 0.001772 0.675565 0.675565 0.001964 1.271674 0.002055 0.001676 1.036710 0.001676 0.002410 1.491207 0.003337 0.589833 0.589757 1.257467 0.488448 0.688063 0.623552 1.062517 0.903921 1.132698
