 9.093172 8.862880 9.010012 8.965917 9.051144 8.859789 9.128187 9.180457 9.026798 9.249287 9.137207 9.058106 9.055495 9.018771 9.045258 9.355587 9.129111 9.105890 9.093614 9.245180 9.264412 9.230837 9.226946 9.237122 8.937103 9.002831 8.955244 9.024240 9.015829 9.049459 8.902247 9.056983 9.196376 9.199445 9.215117 9.094744 9.151573 9.295195 9.230212 9.010740 9.124866 9.122248 9.136233 9.256567 9.316202 9.223505 9.131971 9.162753 8.926897 9.100474
 9.102541 8.876035 9.116440 9.174683 8.959901 9.258117 9.185606 9.440203 9.325408 9.324549 9.166892 9.144183 9.096434 9.078134 9.098041 9.125795 8.996988 9.080838 9.194570 9.325088 9.247616 9.257273 9.383303 9.001899 9.195320 9.119388 9.168384 9.257493 9.244229 9.127188 9.072074 9.105671 9.116214 9.082345 9.109144 9.166931 8.990862 9.133676 9.098531 8.865880 8.902695 9.214473 9.088440 9.350358 9.338715 9.573920 8.994691 8.923594 8.960027 9.083593
 9.126997 9.374166 9.188198 8.974216 9.475987 9.320671 9.463451 9.267809 9.407150 9.123896 9.189902 9.287359 9.215630 9.113221 8.885774 9.228023 9.221083 9.309506 9.062311 9.165499 9.340808 9.438649 9.149126 9.369875 9.288157 9.086912 9.257565 9.078110 9.269958 9.300508 9.337081 9.374976 9.214174 9.099989 9.189155 8.977139 9.204653 9.248761 9.136313 9.084588 9.199822 8.945869 9.063511 9.026054 9.267711 9.302244 9.025265 8.925843 9.070773 9.101189
 9.003657 9.234441 9.134566 9.380270 9.245215 9.267005 9.389435 9.285949 9.092506 9.115332 8.981200 9.088914 9.230097 9.262491 9.029926 9.050924 9.064832 9.119715 8.974533 9.233936 9.350752 9.295932 9.198159 9.293257 9.124284 9.058447 9.009253 9.222984 8.910501 9.239799 9.434465 9.297492 9.388557 9.189826 8.957986 9.151957 9.043039 9.295547 9.055949 8.925444 9.177912 9.059686 8.903877 9.002934 8.989149 9.056478 9.028387 9.128159 9.140268 8.948108
 9.071007 9.136716 9.084154 9.088555 9.034588 9.226196 9.038227 9.206717 9.148388 8.907208 8.986641 9.031979 9.078235 9.108794 9.345079 9.139302 9.145833 9.016772 9.148026 9.243114 9.124214 9.071472 9.199446 9.040982 8.926250 8.996825 9.193254 8.863577 9.148899 9.165679 9.282237 9.223931 9.162015 9.236775 9.205671 9.084108 9.096748 9.070311 9.146467 9.257883 9.138847 9.045465 9.026616 8.980719 9.029485 9.117797 9.255157 9.188142 9.227118 9.113612
 9.137388 9.146681 9.271180 9.252794 9.081345 8.945503 9.320525 9.174530 9.043601 9.008979 9.017713 8.979197 9.092053 9.195736 9.179164 8.948359 9.033711 9.206828 8.975263 9.200712 9.200067 9.209215 9.138789 9.040949 9.101756 9.126130 9.081647 9.030238 9.068932 9.276657 9.002402 9.092570 9.020884 9.012392 8.990578 9.130741 9.031048 8.934438 9.343952 9.200709 9.225764 9.191904 8.836697 9.029954 9.169167 8.989727 9.212091 9.294281 9.270000 8.984984
 9.026247 9.142786 9.385676 9.259584 9.060082 9.076124 8.999531 9.058596 8.985085 8.939114 9.038093 9.055377 9.264976 9.179810 9.164642 9.164504 8.999203 8.987124 9.046294 9.198267 9.283326 9.293973 9.315878 9.204968 9.213652 9.062374 8.941260 9.122279 9.125070 9.110003 9.344752 8.999476 9.245540 8.908477 9.065033 9.049497 9.035014 8.940978 9.215576 9.225564 9.105059 9.235627 9.178218 9.040098 9.035965 9.343159 9.172523 9.284769 9.216900 8.873840
 9.107218 9.156577 9.310174 9.036082 9.147186 9.014007 9.048468 9.055712 9.123992 8.863456 8.952851 9.001228 9.049847 9.438278 8.966756 9.087234 9.006971 8.917664 9.020004 9.288330 9.344268 9.338402 9.323545 9.225788 9.301689 9.092763 9.075471 9.153415 9.136456 9.182495 9.055435 9.049882 8.936250 8.939176 9.009802 9.122852 8.997822 9.217431 9.243465 9.223933 9.051556 9.038538 8.996104 8.834915 9.010417 9.115535 9.377019 9.270109 9.142910 8.929708
 9.199959 9.034841 9.040466 8.952002 9.079993 9.034633 9.120517 9.122670 8.943098 9.036214 9.084018 8.951577 9.176744 9.373108 9.084043 9.248837 9.191296 8.960832 9.044359 9.149256 9.109532 9.280117 9.045906 9.054531 9.031001 9.397800 9.261572 9.234134 9.119088 9.132373 9.139388 8.926677 8.936749 9.090819 9.314537 9.066993 9.011501 9.028900 9.203994 9.162739 9.295749 9.034332 9.003529 8.807375 9.094141 9.250203 9.270403 9.053269 9.126639 9.092966
 9.112688 9.244965 8.829626 8.784514 9.188941 9.295325 9.188632 8.989341 9.022013 9.194248 9.120977 9.110888 9.283635 9.119781 9.004747 9.146796 9.192380 9.214996 9.204429 9.213449 9.121489 9.074453 9.005392 8.959410 9.171524 9.337021 9.068759 9.178603 8.942919 9.210124 9.222416 9.038885 9.291072 9.258927 9.127387 9.031561 8.917673 8.971626 9.053094 9.268639 9.183456 9.073618 9.081618 9.011229 8.983455 9.159039 9.284111 9.058539 8.922832 9.192368
 9.233025 9.001372 8.889717 9.030226 9.225179 9.096270 9.243592 9.107516 9.088926 9.274427 9.282449 9.110884 9.048268 8.957310 8.995772 9.058599 9.052058 9.304284 9.173140 9.182158 9.173054 8.826949 9.072039 9.082433 8.960102 9.227899 9.350478 8.995317 9.019753 9.267767 9.240434 9.145910 9.126045 9.085630 9.182903 9.092371 9.186152 9.041475 9.205853 9.031463 9.045207 9.359523 9.130978 8.825906 9.077992 9.135530 9.131060 9.102547 9.056782 9.323101
 9.246922 9.262584 9.003119 9.055826 9.241631 8.981290 9.004896 9.218555 9.068608 8.969109 9.143720 9.052281 9.156411 9.129129 8.916211 9.045601 8.966434 9.203533 9.235954 9.296782 9.016959 8.992043 9.144279 9.056473 9.103816 9.013210 9.286266 9.331461 9.164981 9.281674 9.202319 9.096087 8.918014 9.092409 9.026805 9.207469 9.215367 9.040934 9.086852 9.255000 9.144794 9.122077 9.002926 8.852720 9.178347 9.253789 9.237799 9.029896 9.118763 9.493808
 9.380499 9.159701 9.286976 9.128544 8.996187 9.066211 9.047239 9.179698 8.997472 9.024493 9.068581 9.197227 9.088636 9.009500 9.040547 9.112670 9.112957 9.100848 9.106190 9.363134 9.434027 8.996826 8.995521 9.216553 9.131576 8.912249 9.038409 9.437798 9.148062 9.070425 9.151548 9.032521 9.037203 9.022789 9.173710 9.196214 9.337132 9.136364 8.946931 9.182091 9.099880 9.192445 8.895325 9.093296 9.036330 9.042409 9.213304 9.267975 9.313106 9.130054
 9.443281 9.381265 9.352760 9.061479 9.031896 9.119477 9.088331 9.080546 9.177387 9.051706 9.197283 9.340288 9.251697 9.258245 8.980349 9.137422 9.161216 8.946031 9.194908 9.275512 9.183678 9.105204 9.038717 9.175344 9.128397 8.996287 9.134871 9.262831 9.226691 8.961070 9.084369 9.140798 9.162852 9.026486 9.057137 9.138590 9.456040 9.036211 9.063683 8.971530 9.033213 9.239154 9.129878 9.052589 9.212908 9.141068 9.193462 9.047123 8.939911 9.330618
 9.285858 9.391365 9.067825 8.955556 8.897873 9.087213 9.088991 9.157250 9.110837 9.116165 9.075020 9.164133 9.277368 9.257144 9.184416 9.196528 9.067303 8.993745 9.012239 8.940397 9.233121 9.125484 8.989302 9.029047 9.184205 9.035542 9.096372 9.134470 8.978400 9.031960 9.281760 8.977326 8.878244 9.062139 9.052601 9.158895 9.330673 9.148143 8.895313 9.030940 9.216392 9.315647 9.225780 9.056749 9.036862 9.150887 9.262606 9.074665 9.132438 9.033161
 9.094790 9.124773 9.074780 9.098861 9.036469 8.860344 9.034771 8.933378 9.046006 9.122145 9.014143 8.983704 9.075730 9.188154 9.011191 9.086266 9.176767 9.172161 9.180895 8.999299 9.076653 9.037012 9.080838 8.945235 8.989994 9.132904 9.003572 8.942513 8.950514 9.038584 9.251867 9.039115 8.971258 9.079057 9.024670 9.181629 9.249050 9.082234 9.152918 9.163273 9.064549 9.133022 9.041144 8.976591 9.110238 9.091768 9.164289 9.157331 9.024469 9.191910
 9.129340 8.883154 9.094515 9.127184 9.169953 9.135659 9.095066 9.091993 9.035341 8.866787 8.927763 8.897134 9.090647 9.117031 9.000110 9.000400 9.032586 9.017977 9.128830 9.254492 9.121687 9.190114 9.165547 9.111950 9.068258 9.235504 9.276995 9.330718 9.087322 9.100669 9.144746 9.169271 9.230751 9.314331 9.149232 9.160284 9.191263 9.279750 9.322186 9.137495 9.133360 9.262625 9.308093 9.085215 8.979049 9.028206 9.176886 9.202097 9.286034 9.155710
 9.046446 9.108507 8.845065 8.981167 9.244469 8.935973 8.889897 9.177385 9.096010 8.942549 8.983916 9.029909 9.133512 9.170347 9.249726 9.140883 9.207760 8.952322 9.079600 9.144476 9.178137 9.247271 9.156830 9.312704 9.350635 9.248381 9.326396 9.022204 9.180783 9.209801 9.389258 9.225562 9.191248 9.372058 9.402631 9.157280 9.154179 9.200417 9.173637 9.156223 9.205278 9.138563 9.177135 9.142872 8.954108 8.983228 9.069101 9.140222 9.270052 9.214679
 9.111449 9.088205 8.934417 9.106448 8.990764 8.847798 8.931195 9.288708 9.125425 9.179012 9.266963 9.390248 9.196573 9.209492 9.184260 9.184599 9.108690 9.099711 9.098407 9.035005 9.056808 9.335466 8.952872 9.233276 9.310126 9.383144 9.179032 9.127116 9.103018 9.044856 9.225640 9.246046 9.204313 9.128838 9.007595 9.075602 9.032826 9.157640 9.303864 9.148466 9.251824 9.235287 9.263296 9.171775 9.066539 8.999966 8.917599 9.099099 9.442932 9.152560
 9.361334 9.066273 9.142195 9.050235 9.002591 8.985405 9.077322 9.122272 9.150292 9.068700 9.319696 9.265731 9.359290 9.174608 9.187075 9.251137 9.174409 9.057747 9.192153 9.063023 9.170696 9.129745 9.280831 9.105816 9.195893 9.223741 9.162175 9.152091 9.094669 9.035955 9.047177 9.007372 9.074380 9.034966 9.366214 9.074824 9.189480 9.057884 8.872611 9.160171 9.164753 9.173453 9.074798 9.220096 9.274273 9.192583 9.121079 9.246528 9.028305 9.062500
 9.346441 9.360455 9.254926 8.960739 9.249212 8.936515 8.892353 9.011975 9.128384 9.312183 9.322063 9.093182 9.320953 9.207458 9.025624 9.146454 9.376412 9.103204 9.060191 9.105848 9.144590 9.299386 9.015144 9.128702 9.244547 9.097212 9.049580 9.154840 9.038584 9.106873 9.237065 8.926621 9.037612 9.110775 9.384198 9.364970 9.033787 9.246969 9.190296 9.179226 9.143706 8.963734 9.136587 9.020891 9.050947 8.994017 9.060894 9.177007 9.241787 9.276943
 9.251422 9.192440 9.365708 9.336428 9.260794 9.109129 8.902718 9.190742 9.203942 9.156255 9.045850 9.102980 8.936641 9.108930 9.151574 9.067713 9.085619 9.252306 9.059227 8.896083 9.096302 9.282907 9.187108 9.131977 9.247641 9.170470 9.169391 9.101725 8.971087 9.133959 9.209807 9.006363 9.101622 9.153564 9.291914 9.177729 9.345444 9.366078 9.052485 8.905923 9.152562 8.987275 9.039909 9.061670 9.149117 9.089523 9.160259 9.171057 9.461272 9.372396
 9.246716 9.080632 9.149857 9.069356 9.014023 9.059964 8.914213 9.104908 9.201280 9.268267 9.053511 9.006800 9.116230 9.256511 9.020336 9.104868 9.152025 9.144001 8.930604 8.953733 8.957252 9.171736 9.227658 9.117825 9.273938 9.223133 9.178278 9.151038 9.109805 8.998075 9.114985 9.140121 9.208418 9.180058 9.153894 9.289742 9.076147 9.253996 9.186623 9.020114 9.240564 9.114237 9.004829 9.280941 9.386919 9.297082 9.212025 9.339869 9.239489 9.065556
 9.185730 9.270833 9.054205 9.213056 9.174891 9.175414 9.016943 9.133859 9.026435 8.944478 9.097907 9.136971 9.272318 8.938730 9.132879 9.290231 9.031318 9.057777 9.079642 9.029773 9.065765 9.173615 9.248434 9.103436 9.009122 9.134026 9.162859 9.068760 8.940713 8.886076 9.296279 9.144747 8.877696 9.165869 9.188922 9.210079 8.940323 8.941663 9.072577 9.173399 9.112655 9.078529 9.084990 9.148626 9.130941 9.242368 9.271576 9.133622 9.010301 8.949776
 9.214052 9.305558 9.341495 9.206571 9.135594 9.266520 9.106884 9.107011 9.216227 9.085179 9.124887 9.100811 9.022127 9.014977 9.122006 9.265468 9.101040 8.884178 9.186501 9.148942 9.338566 9.083799 9.085268 9.159443 9.118645 9.144219 9.274073 9.043770 9.048512 9.192661 9.189593 9.147141 9.112603 8.938831 9.290922 9.078555 8.991272 8.819184 9.054598 9.030938 9.132222 9.032253 9.025803 9.115179 8.966205 9.049721 9.043981 8.969240 9.107677 9.138527
 9.133078 9.239351 9.063875 9.176159 9.228940 9.258437 9.143585 9.232291 9.057237 9.188303 9.195323 9.163202 9.151604 9.319282 9.358993 9.230656 9.099702 9.238167 8.974487 9.234746 9.264779 9.174456 9.145916 9.191659 9.197685 9.295948 9.160360 8.983823 9.249166 9.174589 9.162911 9.171791 9.054191 9.083029 9.204283 9.125967 9.090855 9.028177 9.146935 9.226741 8.885502 9.149864 9.241060 9.211674 8.953229 9.130228 9.287353 9.113998 9.152034 9.292908
 9.100720 9.057978 8.955083 9.021097 9.176309 9.076911 9.064079 9.305084 9.115278 8.983815 9.103711 9.078838 9.048656 9.017094 8.924806 9.162016 9.095621 9.200770 9.122328 9.058084 9.373398 9.180982 9.160095 9.323208 9.087211 9.183820 9.182913 9.071071 8.998576 9.071419 9.120060 9.120322 9.245419 9.212593 9.079636 9.150196 8.956630 9.118951 9.253437 9.166868 9.050430 8.961292 9.242703 9.383988 9.066661 9.224755 9.108682 9.185599 9.077317 9.193172
 9.305518 9.203196 8.795443 9.041320 9.184108 9.030032 9.192774 9.333816 9.139294 8.980740 8.900400 9.016818 8.958211 9.104421 8.947467 9.014332 9.144785 8.952418 8.902811 9.073899 9.079445 9.161982 9.176074 9.153111 9.053603 9.196302 9.187121 9.281785 9.000362 8.827019 9.228948 9.043926 9.201564 9.347409 9.258129 9.092646 8.897968 9.321221 9.202822 9.074150 9.086932 9.204606 9.323151 9.061183 9.169794 9.017332 9.250702 9.217053 9.038033 8.911703
 9.229401 9.367338 9.107181 9.220948 9.165173 9.150049 9.302162 9.302161 9.337992 9.082188 8.995352 9.058927 9.031003 9.197365 9.118299 9.069275 9.261705 8.860354 9.110449 9.174854 9.038353 9.013575 9.072519 9.120645 9.077773 8.907416 8.988942 9.106289 9.216491 8.995500 9.204180 9.432396 9.230761 9.176722 9.341963 9.113176 9.277741 9.179176 9.133043 9.156524 9.197574 9.296768 9.271674 9.256229 9.069215 9.281563 9.312260 9.143910 8.980151 9.063904
 9.536305 9.266470 9.319553 9.165810 9.207772 9.138573 9.248143 9.243020 9.584372 9.239148 9.116227 8.962805 9.149820 8.890042 9.019523 9.057024 9.148678 9.032183 9.099983 9.122996 9.080156 9.213968 9.187947 9.040149 8.975535 9.063324 9.038967 8.967824 9.030877 9.245230 9.277596 9.271859 9.149547 9.056265 9.230425 9.237428 9.060793 9.143127 9.220468 9.215278 9.163283 9.206702 9.386799 9.177561 9.174011 9.202609 9.044453 9.110395 9.066443 9.012538
 9.278457 9.389989 9.111786 9.162615 9.260118 9.040224 9.211025 9.111454 9.217738 9.453734 9.315587 9.199305 9.162278 9.065861 8.931058 9.079203 9.287159 9.255188 8.884013 9.020629 9.206739 9.070580 8.965375 9.036733 9.128111 9.031451 9.107765 9.201540 9.253767 9.298806 9.356923 9.321814 9.245586 9.236603 9.031656 9.093927 8.927044 9.002905 9.168114 9.127990 9.169315 9.316605 9.065001 9.055125 9.088290 8.963274 9.045487 9.202537 8.969868 9.007357
 9.257902 9.174376 9.352005 9.171030 9.227093 9.430373 9.159700 9.049108 9.134371 9.454575 9.036771 9.142175 9.142695 9.017557 9.066948 9.136827 9.245313 8.868032 8.732808 9.060113 9.163433 9.021279 9.061705 9.155835 9.092039 9.363644 9.213217 9.179278 8.989311 9.099507 9.106687 9.189368 9.278312 9.146670 9.275431 9.104294 8.955519 9.145372 9.091914 9.112724 9.238060 9.035970 9.149323 8.983903 9.072049 9.146154 9.193753 9.174587 9.200409 8.932828
 9.256248 9.196686 9.131399 9.166513 9.142762 9.188904 9.164703 8.961001 9.083822 9.195062 8.985527 9.111098 9.418144 9.185990 9.308260 9.205373 9.028211 9.072748 9.029633 9.254827 8.966510 9.071601 9.397481 9.037369 9.292387 9.338378 9.186153 8.896150 9.040757 9.256093 8.979543 9.325377 9.052352 9.097199 9.029483 9.094346 9.103518 8.956596 9.084143 9.061112 9.174128 9.276831 9.305531 9.124142 9.131487 9.088656 9.067719 9.103753 9.066751 9.208994
 9.043000 9.252501 9.188940 9.249496 9.016479 9.029543 9.160830 9.214893 9.260525 9.522427 9.017687 9.079265 9.100472 9.255064 9.115286 9.198466 9.289494 9.173492 9.151042 9.011613 9.051348 8.864036 9.188145 9.030786 8.997825 9.291669 9.169859 9.125008 9.198446 9.039077 9.177622 9.157713 9.259261 9.151102 9.139344 9.153910 9.152344 9.101946 9.155136 9.057236 9.238915 9.107373 9.230104 9.163939 9.060200 9.148041 8.919552 9.271113 9.212535 9.109389
 9.198599 9.040224 9.468807 9.117348 9.269448 8.921905 9.260632 9.192956 9.262871 9.104141 9.147401 9.169984 8.956897 9.003432 9.159119 9.338303 9.298725 9.239391 9.114981 8.910866 9.031627 9.129563 9.198447 8.989906 9.070768 9.200870 9.304530 9.345505 9.345900 9.107292 8.934666 9.187558 9.126428 9.248680 9.236090 9.223660 8.999819 9.007501 9.211379 9.259544 9.228621 9.116783 9.055935 9.322990 9.305010 9.161445 9.110998 8.971964 9.071630 8.995611
 9.221064 9.339634 9.128380 9.074353 9.263194 9.248819 9.093199 9.157136 9.030838 9.287714 9.519381 9.127433 9.118045 9.082269 9.113735 9.118917 9.256348 9.062280 9.210580 9.342875 9.158785 9.144114 9.148989 9.139322 9.157868 9.207700 9.146338 9.377164 8.945060 9.123136 9.188391 9.000337 9.238379 9.054674 9.200510 9.154852 8.947546 9.017074 8.859483 8.974990 9.150465 9.181179 9.294527 9.368805 9.264841 9.242545 9.240942 9.094109 9.271198 9.315476
 9.170633 9.277210 9.183208 9.107601 9.059092 9.088190 9.094450 9.230124 9.148185 9.393057 9.218826 9.153087 9.267554 9.357105 9.281336 9.154739 9.123625 9.250465 9.349200 9.257950 9.032659 8.894136 9.220393 9.366899 9.068913 9.113294 9.134581 9.188166 9.031658 8.922684 9.013421 9.196466 9.196082 9.225166 9.076497 9.108665 9.031776 8.961175 8.898706 8.869725 9.158537 9.331525 9.005173 9.121970 9.205305 9.236827 9.178636 9.248899 9.252158 9.418636
 9.010020 9.155055 9.134010 9.174581 9.108822 8.877144 9.081440 9.239220 9.280531 9.008341 9.012356 9.167158 9.213978 9.238009 9.080613 9.059111 9.151400 9.091563 9.109747 9.094110 9.167354 9.214090 9.425671 8.961376 9.183002 9.235106 9.138703 8.982386 9.163523 9.003798 9.000385 9.026525 9.294386 9.166828 9.239706 9.091570 8.850936 8.921764 8.980638 9.059786 9.054726 9.290228 8.957344 9.003546 9.164389 9.037785 8.928173 9.147091 9.222653 9.212362
 9.228925 9.017299 9.215292 9.275311 9.111928 9.086926 9.302141 9.309262 9.191601 8.994451 8.886601 9.063286 9.123563 9.098066 9.039994 9.077650 9.186268 9.113837 9.280421 9.235916 9.051936 9.384751 9.294991 8.994137 8.894627 9.062306 8.916933 9.135159 9.141109 8.960162 9.108568 9.099531 9.299150 9.230947 9.053769 9.063637 9.084802 9.222333 9.104699 9.151257 9.183897 9.135568 9.337850 9.195651 9.253073 9.248583 9.201939 8.930685 9.055344 9.020951
 9.226587 9.072153 9.087557 9.211741 8.919025 8.979448 9.280688 9.167013 9.097493 9.048108 9.047164 9.191287 9.034460 9.151581 9.194291 9.075444 9.142578 9.081159 9.095148 9.228974 9.347741 9.274447 9.216116 9.133626 8.960046 8.856448 9.130830 8.951376 9.075050 8.885676 8.951972 9.178826 9.144258 9.040598 9.163045 9.105477 9.147863 9.360538 9.042263 9.310833 9.251183 9.134822 9.104265 9.262300 9.206618 9.324581 9.101625 9.249157 9.183254 9.008211
 9.141844 9.511459 9.064874 8.893217 9.064421 9.070765 9.143613 9.314528 9.009631 9.051969 9.127711 9.242368 9.214684 9.281243 8.987231 8.959254 9.161688 9.079819 9.139797 9.191120 9.273023 9.108257 9.180270 9.075630 9.083662 8.951620 8.876868 8.902530 8.883501 8.944160 8.932675 8.903766 9.020455 9.055284 9.054852 9.087878 9.057721 9.114885 9.263617 9.159758 9.129960 8.964017 9.202181 9.096972 9.140961 9.139528 9.082743 9.158092 9.177712 9.103962
 9.213613 9.139797 9.060387 9.044304 9.049641 9.189240 9.086224 9.169849 9.101990 8.937113 9.032882 9.199507 9.197886 9.121857 9.035340 8.852438 9.122087 9.051293 9.295450 9.297769 9.065060 9.189279 8.955150 8.946286 9.141251 9.097440 8.964568 8.768272 9.109464 8.969691 9.090827 9.060747 8.851159 9.033088 9.236345 9.291559 9.285702 9.051746 9.158324 9.111570 8.976508 9.128143 9.229145 9.240016 9.193219 9.039088 8.911380 9.055174 8.969486 9.298001
 9.181205 9.194909 9.294790 9.036160 9.226037 9.075904 9.110239 9.193632 9.043058 9.096719 8.987990 9.209241 9.194537 9.058094 9.135481 9.185130 8.873692 9.000789 9.456949 9.388486 9.184606 9.123712 9.131606 8.945091 8.925154 9.196537 9.274780 8.986321 9.063323 9.151812 9.358789 9.122531 9.170985 9.352197 9.147778 9.235709 8.960434 8.994769 9.229373 8.969865 9.040550 9.140492 9.169298 9.113197 9.226059 8.941897 9.212223 9.201330 9.095522 9.330947
 9.334337 9.205035 9.131816 9.117647 9.231312 9.290176 9.169842 8.925311 9.269093 9.066514 9.085208 9.147973 9.000110 9.028151 9.150819 9.203797 9.268749 9.132454 9.295311 9.080829 8.952615 9.242581 9.210194 9.107125 9.225466 9.357750 9.119706 9.184822 9.309941 9.134875 9.188314 9.065430 9.053340 9.077824 9.215476 9.337529 9.220289 8.979074 9.081325 9.212502 9.176271 9.019144 9.166101 9.233650 9.124084 9.165290 9.006748 9.241692 9.281483 9.373644
 9.018817 9.028487 9.188818 9.176318 9.211739 9.189537 9.028517 9.182201 9.140651 9.201608 9.203205 9.083536 8.983405 9.216763 9.299654 9.370363 9.176071 9.294278 9.210952 8.970399 9.036864 9.222647 9.190271 9.213798 9.264327 9.157498 9.342583 9.229004 9.238231 9.217560 9.059531 9.269523 9.182768 8.935382 9.132252 9.190033 9.165983 9.230382 9.139575 9.170050 9.094865 8.905805 9.217707 9.161216 9.206461 9.075768 9.146401 9.055561 8.984349 9.118810
 9.195223 9.141119 9.143215 9.035269 9.309832 9.174575 9.165165 9.174806 8.979903 9.114101 9.283852 9.054496 9.220745 9.073546 9.430561 9.258453 9.111362 9.115582 9.157226 9.070589 8.936878 9.223415 9.390941 9.265673 9.269526 8.896884 9.052448 9.281401 9.474953 9.124752 9.146533 9.264710 9.034632 9.084217 9.087797 9.181144 8.814465 8.987041 8.897943 9.077478 8.919743 8.889072 8.992987 9.050974 9.064542 9.050937 9.205354 8.958071 8.953499 9.119246
 8.935840 9.073085 9.051469 9.463410 9.181794 9.262767 9.050081 9.224660 9.193626 9.310860 9.282818 9.068218 9.188486 9.363078 9.212608 9.162032 9.085357 9.275529 9.373512 9.179616 8.996660 9.202623 9.148211 9.159157 9.068579 9.206038 9.081250 9.241213 9.200756 9.368203 9.138941 8.938263 9.234506 9.239718 9.288641 9.084062 9.065892 9.084313 9.146329 9.041658 9.040698 8.976940 8.973399 9.152594 8.979853 9.319318 9.035110 9.141764 8.862617 8.990968
 8.974108 9.105700 9.182302 9.182318 9.256809 9.183317 9.062918 9.137118 9.359024 9.094654 9.096583 9.328432 9.428996 9.168728 9.282483 9.010071 9.059915 9.130319 9.057124 9.020802 9.241444 9.166061 9.144783 9.028562 9.149501 9.114123 9.223156 9.269958 9.154025 9.178597 9.144152 9.069502 8.985735 9.043890 9.230269 9.163899 8.997304 9.070559 9.159924 9.283375 9.183781 9.191171 9.213696 9.317964 9.333658 9.244303 9.150720 9.043160 8.972528 8.862905
 9.123665 9.226303 9.238331 9.325550 9.115252 9.106412 9.112566 9.276764 9.085461 9.016004 9.302320 9.098588 9.208338 9.250961 8.935464 9.056918 9.143593 8.873137 9.084575 9.130853 9.224032 9.219492 9.168823 9.186995 8.893780 9.213984 9.205773 8.987051 9.124298 9.121306 9.006929 9.178515 8.929464 9.113023 8.986388 9.112804 9.147635 9.107931 9.070086 8.961205 9.140802 9.219755 9.389247 9.386626 9.384944 9.093264 8.997116 9.072426 9.060251 9.041977
 9.244286 9.213063 9.366810 9.225378 9.225469 9.282530 9.262888 9.295321 9.277805 9.104761 9.199830 9.059212 9.014608 9.040523 9.277586 9.143566 8.892261 8.979343 9.186355 9.391376 9.168463 9.070765 9.056900 8.882918 8.805626 9.062991 8.985396 8.938943 9.106878 9.103449 9.082560 9.042573 9.393803 9.025003 9.069059 9.042933 9.085012 9.077473 9.030432 8.967006 9.165820 9.324144 9.500551 9.387522 9.057226 8.957831 9.101140 9.081404 8.923613 9.170919
